Skip ratio: tensor([0.0000e+00, 0.0000e+00, 0.0000e+00, 8.8800e-02, 2.1521e+00, 2.9562e+01,
        1.3236e+02, 3.9897e+01, 4.6407e+00, 1.5540e-01, 0.0000e+00, 1.0000e-04]) and 17.40445899963379
Correct prediction ratio:
[[[0.0, 0.0], [0.0, 1.0]], [[0.0, 0.0], [0.0, 1.0]], [[0.0, 0.0], [0.0, 1.0]], [[0.0003000000142492354, 0.04910000041127205], [0.00019999999494757503, 0.9503999948501587]], [[0.007799999788403511, 0.10530000180006027], [0.0031999999191612005, 0.8837000131607056]], [[0.09969999641180038, 0.1907999962568283], [0.051100000739097595, 0.65829998254776]], [[0.5209000110626221, 0.05920000001788139], [0.15440000593662262, 0.265500009059906]], [[0.1720000058412552, 0.023499999195337296], [0.03150000050663948, 0.7730000019073486]], [[0.0210999995470047, 0.014700000174343586], [0.0024999999441206455, 0.9616000056266785]], [[0.0006000000284984708, 0.006899999920278788], [9.999999747378752e-05, 0.9922999739646912]], [[0.0, 0.0005000000237487257], [0.0, 0.9994999766349792]], [[0.0, 0.0], [0.0, 1.0]]]
and 0.9422316551208496
Average loss for epoch 1: 3.539294841942514
Test accuracy after 1 epochs: 0.0352
Skip ratio: tensor([  0.0000,   0.0000,   0.0000,   0.4985,   3.9987,  38.2199, 121.5710,
         42.3155,   4.2211,   0.6127,   0.0000,   0.0000]) and 17.619783401489258
Correct prediction ratio:
[[[0.0, 0.0], [0.0, 1.0]], [[0.0, 0.0], [0.0, 1.0]], [[0.0, 0.0], [0.0, 1.0]], [[0.0015999999595806003, 0.04780000075697899], [0.0010000000474974513, 0.9495999813079834]], [[0.013799999840557575, 0.09870000183582306], [0.006599999964237213, 0.8809000253677368]], [[0.13030000030994415, 0.1589999943971634], [0.06469999998807907, 0.6460000276565552]], [[0.4964999854564667, 0.05420000106096268], [0.12380000203847885, 0.3255000114440918]], [[0.19040000438690186, 0.01679999940097332], [0.025499999523162842, 0.767300009727478]], [[0.018699999898672104, 0.009800000116229057], [0.00279999990016222, 0.9686999917030334]], [[0.0024999999441206455, 0.0026000000070780516], [0.0006000000284984708, 0.9941999912261963]], [[0.0, 0.0], [0.0, 1.0]], [[0.0, 0.0], [0.0, 1.0]]]
and 0.9488295912742615
Average loss for epoch 2: 1.9878081052925936
Test accuracy after 2 epochs: 0.0305
Skip ratio: tensor([  0.0000,   0.0000,   0.0000,   0.8519,   5.5213,  40.2629, 117.4102,
         44.0171,   3.6269,   0.5264,   0.0000,   0.0000]) and 17.684724807739258
Correct prediction ratio:
[[[0.0, 0.0], [0.0, 1.0]], [[0.0, 0.0], [0.0, 1.0]], [[0.0, 0.0], [0.0, 1.0]], [[0.0026000000070780516, 0.046799998730421066], [0.0017000000225380063, 0.9488999843597412]], [[0.01850000023841858, 0.09390000253915787], [0.009700000286102295, 0.8779000043869019]], [[0.13910000026226044, 0.14980000257492065], [0.06629999727010727, 0.6448000073432922]], [[0.4853000044822693, 0.052400000393390656], [0.1137000024318695, 0.34850001335144043]], [[0.19979999959468842, 0.011099999770522118], [0.024800000712275505, 0.7644000053405762]], [[0.015300000086426735, 0.007699999958276749], [0.0031999999191612005, 0.973800003528595]], [[0.002199999988079071, 0.002300000051036477], [0.0005000000237487257, 0.9950000047683716]], [[0.0, 9.999999747378752e-05], [0.0, 0.9998999834060669]], [[0.0, 0.0], [0.0, 1.0]]]
and 0.9513337016105652
Average loss for epoch 3: 1.9077295087704993
Test accuracy after 3 epochs: 0.0337
Skip ratio: tensor([  0.0000,   0.0000,   0.0000,   0.9852,   6.5113,  41.1167, 116.6250,
         43.0934,   3.2690,   0.7466,   0.0000,   0.0000]) and 17.695600509643555
Correct prediction ratio:
[[[0.0, 0.0], [0.0, 1.0]], [[0.0, 0.0], [0.0, 1.0]], [[0.0, 0.0], [0.0, 1.0]], [[0.003100000089034438, 0.046300001442432404], [0.0020000000949949026, 0.9485999941825867]], [[0.02160000056028366, 0.09080000221729279], [0.011599999852478504, 0.8759999871253967]], [[0.14380000531673431, 0.1451999992132187], [0.06599999964237213, 0.6449999809265137]], [[0.4830999970436096, 0.04740000143647194], [0.11190000176429749, 0.35749998688697815]], [[0.1972000002861023, 0.009499999694526196], [0.022600000724196434, 0.7706999778747559]], [[0.013799999840557575, 0.007899999618530273], [0.002899999963119626, 0.9753999710083008]], [[0.0031999999191612005, 0.0017999999690800905], [0.0006000000284984708, 0.9944000244140625]], [[0.0, 9.999999747378752e-05], [0.0, 0.9998999834060669]], [[0.0, 0.0], [0.0, 1.0]]]
and 0.9527811408042908
Average loss for epoch 4: 1.8602006458173133
Test accuracy after 4 epochs: 0.0299
