Skip ratio: tensor([0.0000e+00, 1.1494e+02, 8.0138e+01, 4.4800e-01, 6.0000e-02, 3.1100e-01,
        8.9446e+01, 1.0646e+02, 2.5716e+01, 7.6023e+01, 1.7779e+01, 9.4720e+00]) and 43.399166107177734
Correct prediction ratio:
[[[0.0, 0.015799999237060547], [0.0, 0.9842000007629395]], [[0.41179999709129333, 0.09600000083446503], [0.1746000051498413, 0.3176000118255615]], [[0.3650999963283539, 0.0010000000474974513], [0.043800000101327896, 0.5900999903678894]], [[0.0020000000949949026, 0.0003000000142492354], [0.0003000000142492354, 0.9973999857902527]], [[0.0003000000142492354, 0.00019999999494757503], [9.999999747378752e-05, 0.9994000196456909]], [[0.001500000013038516, 0.007199999876320362], [9.999999747378752e-05, 0.9912999868392944]], [[0.3894999921321869, 0.0689999982714653], [0.06679999828338623, 0.474700003862381]], [[0.5307000279426575, 0.006000000052154064], [0.012400000356137753, 0.45080000162124634]], [[0.11410000175237656, 0.031300000846385956], [0.017100000753998756, 0.8374999761581421]], [[0.33820000290870667, 0.050200000405311584], [0.04960000142455101, 0.5619000196456909]], [[0.07109999656677246, 0.0071000000461936], [0.019600000232458115, 0.9021999835968018]], [[0.04659999907016754, 0.020500000566244125], [0.0017000000225380063, 0.9312000274658203]]]
and 0.9424306750297546

Average loss for epoch 1: 1.9213457206252273
Test accuracy after 1 epochs: 0.013
Skip ratio: tensor([  0.1460, 104.0830,  89.3310,   1.5500,   0.2580,   2.0450, 121.7600,
         74.8610,  30.4640,  96.7310,  20.0720,   1.7640]) and 45.25541687011719
Correct prediction ratio:
[[[0.00039999998989515007, 0.015399999916553497], [0.00039999998989515007, 0.9837999939918518]], [[0.39489999413490295, 0.11259999871253967], [0.13609999418258667, 0.3564000129699707]], [[0.41850000619888306, 0.00419999985024333], [0.037300001829862595, 0.5400000214576721]], [[0.007300000172108412, 0.0007999999797903001], [0.0006000000284984708, 0.9912999868392944]], [[0.0012000000569969416, 0.0003000000142492354], [9.999999747378752e-05, 0.9983999729156494]], [[0.008700000122189522, 0.009999999776482582], [0.0017000000225380063, 0.9794999957084656]], [[0.5322999954223633, 0.02539999969303608], [0.08889999985694885, 0.35339999198913574]], [[0.3736000061035156, 0.004100000020116568], [0.00839999970048666, 0.6139000058174133]], [[0.13379999995231628, 0.026200000196695328], [0.02160000056028366, 0.8184000253677368]], [[0.4375999867916107, 0.058800000697374344], [0.0560000017285347, 0.44769999384880066]], [[0.08079999685287476, 0.0035000001080334187], [0.02160000056028366, 0.89410001039505]], [[0.006899999920278788, 0.003100000089034438], [0.002099999925121665, 0.9879000186920166]]]
and 0.9467546939849854

Average loss for epoch 2: 1.554489958058497
Test accuracy after 2 epochs: 0.01
Skip ratio: tensor([  0.3740, 100.8690,  92.3700,   1.4070,   0.3530,   3.5670, 108.1480,
         84.6080,  29.4370,  86.5850,  17.6300,   4.3650]) and 44.14274978637695
Correct prediction ratio:
[[[0.0010999999940395355, 0.014700000174343586], [0.0007999999797903001, 0.9833999872207642]], [[0.3921000063419342, 0.1152999997138977], [0.1225999966263771, 0.3700999915599823]], [[0.43529999256134033, 0.003700000001117587], [0.035999998450279236, 0.5250999927520752]], [[0.0066999997943639755, 0.0010000000474974513], [0.0005000000237487257, 0.9918000102043152]], [[0.001500000013038516, 0.00019999999494757503], [0.0003000000142492354, 0.9980000257492065]], [[0.014000000432133675, 0.006000000052154064], [0.00419999985024333, 0.9757999777793884]], [[0.5166000127792358, 0.07129999995231628], [0.03519999980926514, 0.37689998745918274]], [[0.4250999987125397, 0.006899999920278788], [0.006599999964237213, 0.5613999962806702]], [[0.1420000046491623, 0.04690000042319298], [0.008200000040233135, 0.8029000163078308]], [[0.4099999964237213, 0.053700000047683716], [0.03180000185966492, 0.5045999884605408]], [[0.07930000126361847, 0.011900000274181366], [0.010599999688565731, 0.8981000185012817]], [[0.017000000923871994, 0.005100000184029341], [0.0052999998442828655, 0.9726999998092651]]]
and 0.9501203298568726

Average loss for epoch 3: 1.4954367131943915
Test accuracy after 3 epochs: 0.009
