Skip ratio: tensor([0.0000e+00, 0.0000e+00, 0.0000e+00, 2.0200e-02, 1.5802e+00, 2.9489e+01,
        1.3881e+02, 5.5178e+01, 9.7100e-02, 9.0000e-04, 0.0000e+00, 0.0000e+00]) and 18.764890670776367
Correct prediction ratio:
[[[0.0, 0.0], [0.0, 1.0]], [[0.0, 0.0], [0.0, 1.0]], [[0.0, 0.0], [0.0, 1.0]], [[9.999999747378752e-05, 0.049300000071525574], [0.0, 0.9506000280380249]], [[0.005499999970197678, 0.10760000348091125], [0.0024999999441206455, 0.8842999935150146]], [[0.09870000183582306, 0.1889999955892563], [0.05169999971985817, 0.6604999899864197]], [[0.5461000204086304, 0.052000001072883606], [0.16210000216960907, 0.23980000615119934]], [[0.24079999327659607, 0.008899999782443047], [0.040699999779462814, 0.7095999717712402]], [[0.00039999998989515007, 0.00839999970048666], [9.999999747378752e-05, 0.991100013256073]], [[0.0, 0.0015999999595806003], [0.0, 0.9983999729156494]], [[0.0, 0.00019999999494757503], [0.0, 0.9998000264167786]], [[0.0, 0.0], [0.0, 1.0]]]
and 0.9438117146492004
Average loss for epoch 1: nan
Test accuracy after 1 epochs: 0.032
Skip ratio: tensor([0.0000e+00, 0.0000e+00, 0.0000e+00, 1.1730e-01, 3.7812e+00, 3.6264e+01,
        1.2655e+02, 6.0552e+01, 1.4102e+00, 0.0000e+00, 0.0000e+00, 0.0000e+00]) and 19.056333541870117
Correct prediction ratio:
[[[0.0, 0.0], [0.0, 1.0]], [[0.0, 0.0], [0.0, 1.0]], [[0.0, 0.0], [0.0, 1.0]], [[0.00039999998989515007, 0.04899999871850014], [0.00019999999494757503, 0.9503999948501587]], [[0.013100000098347664, 0.09969999641180038], [0.006200000178068876, 0.8809999823570251]], [[0.12449999898672104, 0.1623000055551529], [0.060499999672174454, 0.6525999903678894]], [[0.5188999772071838, 0.05209999904036522], [0.1266999989748001, 0.30219998955726624]], [[0.27889999747276306, 0.008899999782443047], [0.029999999329447746, 0.6820999979972839]], [[0.006599999964237213, 0.0066999997943639755], [0.0006000000284984708, 0.9861000180244446]], [[0.0, 0.0012000000569969416], [0.0, 0.9987999796867371]], [[0.0, 0.0], [0.0, 1.0]], [[0.0, 0.0], [0.0, 1.0]]]
and 0.9496479630470276
Average loss for epoch 2: nan
Test accuracy after 2 epochs: 0.0313
Skip ratio: tensor([  0.0000,   0.0000,   0.0000,   0.3545,   5.1016,  38.1689, 123.2999,
         61.6180,   2.2282,   0.0000,   0.0000,   0.0000]) and 19.230924606323242
Correct prediction ratio:
[[[0.0, 0.0], [0.0, 1.0]], [[0.0, 0.0], [0.0, 1.0]], [[0.0, 0.0], [0.0, 1.0]], [[0.0012000000569969416, 0.04820000007748604], [0.0006000000284984708, 0.949999988079071]], [[0.017100000753998756, 0.09489999711513519], [0.008899999782443047, 0.8791000247001648]], [[0.13289999961853027, 0.15309999883174896], [0.061900001019239426, 0.6521999835968018]], [[0.511900007724762, 0.048500001430511475], [0.11720000207424164, 0.3224000036716461]], [[0.28859999775886536, 0.008100000210106373], [0.025800000876188278, 0.6776000261306763]], [[0.009800000116229057, 0.004999999888241291], [0.001500000013038516, 0.9836000204086304]], [[0.0, 0.0007999999797903001], [0.0, 0.9991999864578247]], [[0.0, 0.0], [0.0, 1.0]], [[0.0, 0.0], [0.0, 1.0]]]
and 0.9521192312240601
Average loss for epoch 3: nan
Test accuracy after 3 epochs: 0.0257
Skip ratio: tensor([  0.0000,   0.0000,   0.0000,   0.6616,   5.7014,  41.6512, 118.8524,
         62.8479,   2.7666,   0.0000,   0.0000,   0.0000]) and 19.373424530029297
Correct prediction ratio:
[[[0.0, 0.0], [0.0, 1.0]], [[0.0, 0.0], [0.0, 1.0]], [[0.0, 0.0], [0.0, 1.0]], [[0.002099999925121665, 0.04729999974370003], [0.0013000000035390258, 0.9492999911308289]], [[0.019200000911951065, 0.09210000187158585], [0.00989999994635582, 0.8787999749183655]], [[0.14409999549388885, 0.1412999927997589], [0.06840000301599503, 0.6462000012397766]], [[0.49880000948905945, 0.04749999940395355], [0.10760000348091125, 0.34610000252723694]], [[0.2987000048160553, 0.009999999776482582], [0.02199999988079071, 0.6693000197410583]], [[0.01209999993443489, 0.00559999980032444], [0.002099999925121665, 0.9803000092506409]], [[0.0, 0.0008999999845400453], [0.0, 0.9991000294685364]], [[0.0, 0.0], [0.0, 1.0]], [[0.0, 0.0], [0.0, 1.0]]]
and 0.9536669254302979
Average loss for epoch 4: nan
Test accuracy after 4 epochs: 0.0302
Skip ratio: tensor([0.0000e+00, 0.0000e+00, 0.0000e+00, 8.7910e-01, 6.3675e+00, 4.0381e+01,
        1.1733e+02, 6.2700e+01, 2.9090e+00, 8.4000e-03, 1.0000e-04, 0.0000e+00]) and 19.214975357055664
Correct prediction ratio:
[[[0.0, 0.0], [0.0, 1.0]], [[0.0, 0.0], [0.0, 1.0]], [[0.0, 0.0], [0.0, 1.0]], [[0.0027000000700354576, 0.04659999907016754], [0.0017000000225380063, 0.9488999843597412]], [[0.021299999207258224, 0.08959999680519104], [0.01119999960064888, 0.8779000043869019]], [[0.14239999651908875, 0.14219999313354492], [0.06360000371932983, 0.6517000198364258]], [[0.4959000051021576, 0.050200000405311584], [0.10270000249147415, 0.35109999775886536]], [[0.2976999878883362, 0.010300000198185444], [0.022199999541044235, 0.6697999835014343]], [[0.012799999676644802, 0.006000000052154064], [0.002099999925121665, 0.979200005531311]], [[0.0, 0.0010000000474974513], [0.0, 0.9988999962806702]], [[0.0, 0.0], [0.0, 1.0]], [[0.0, 0.0], [0.0, 1.0]]]
and 0.9542008638381958
Average loss for epoch 5: nan
Test accuracy after 5 epochs: 0.0334
Best accuracy: 0.0334
Skip ratio: tensor([0.0000e+00, 0.0000e+00, 0.0000e+00, 8.6560e-01, 3.6877e+00, 2.5129e+01,
        9.0605e+01, 7.7192e+01, 2.8324e+01, 6.1200e-01, 5.0600e-02, 0.0000e+00]) and 18.872150421142578
Correct prediction ratio:
[[[0.0, 0.0], [0.0, 1.0]], [[0.0, 0.0], [0.0, 1.0]], [[0.0, 0.0], [0.0, 1.0]], [[0.00139999995008111, 0.00989999994635582], [0.003100000089034438, 0.9855999946594238]], [[0.004000000189989805, 0.013799999840557575], [0.014800000004470348, 0.9674000144004822]], [[0.019700000062584877, 0.012900000438094139], [0.10849999636411667, 0.8589000105857849]], [[0.14489999413490295, 0.01489999983459711], [0.3174000084400177, 0.5228999853134155]], [[0.21089999377727509, 0.014700000174343586], [0.18289999663829803, 0.5914999842643738]], [[0.016499999910593033, 0.011300000362098217], [0.12800000607967377, 0.8442000150680542]], [[0.0007999999797903001, 0.002899999963119626], [0.002400000113993883, 0.9940000176429749]], [[0.0, 0.0], [0.0003000000142492354, 0.9997000098228455]], [[0.0, 0.0], [0.0, 1.0]]]
and 0.9302025437355042
Average loss for epoch 1: 1.6601704093301373
Test accuracy after 1 epochs: 0.717
Skip ratio: tensor([0.0000e+00, 0.0000e+00, 0.0000e+00, 1.0272e+00, 4.9837e+00, 3.3972e+01,
        9.4393e+01, 6.5219e+01, 4.2283e+01, 6.0310e-01, 3.1700e-02, 0.0000e+00]) and 20.20939064025879
Correct prediction ratio:
[[[0.0, 0.0], [0.0, 1.0]], [[0.0, 0.0], [0.0, 1.0]], [[0.0, 0.0], [0.0, 1.0]], [[0.0012000000569969416, 0.0071000000461936], [0.004100000020116568, 0.9876999855041504]], [[0.004600000102072954, 0.007499999832361937], [0.020800000056624413, 0.9671000242233276]], [[0.023600000888109207, 0.009700000286102295], [0.14970000088214874, 0.8169999718666077]], [[0.15639999508857727, 0.01140000019222498], [0.32519999146461487, 0.5070000290870667]], [[0.18940000236034393, 0.01590000092983246], [0.14329999685287476, 0.6513000130653381]], [[0.017100000753998756, 0.015300000086426735], [0.19859999418258667, 0.7689999938011169]], [[0.0007999999797903001, 0.007000000216066837], [0.002300000051036477, 0.9898999929428101]], [[0.0, 0.0], [0.00019999999494757503, 0.9998000264167786]], [[0.0, 0.0], [0.0, 1.0]]]
and 0.9234936237335205
Average loss for epoch 2: 0.4121940901894478
Test accuracy after 2 epochs: 0.7377
Skip ratio: tensor([0.0000e+00, 0.0000e+00, 0.0000e+00, 1.7119e+00, 6.3379e+00, 3.8489e+01,
        9.4125e+01, 6.2552e+01, 6.4069e+01, 5.0520e-01, 4.0900e-02, 2.0000e-04]) and 22.31926727294922
Correct prediction ratio:
[[[0.0, 0.0], [0.0, 1.0]], [[0.0, 0.0], [0.0, 1.0]], [[0.0, 0.0], [0.0, 1.0]], [[0.0012000000569969416, 0.0035000001080334187], [0.007499999832361937, 0.9878000020980835]], [[0.004100000020116568, 0.006599999964237213], [0.028300000354647636, 0.9610999822616577]], [[0.018200000748038292, 0.00559999980032444], [0.17820000648498535, 0.7979999780654907]], [[0.16290000081062317, 0.01080000028014183], [0.3174000084400177, 0.5090000033378601]], [[0.1843000054359436, 0.017799999564886093], [0.1348000019788742, 0.663100004196167]], [[0.025499999523162842, 0.01979999989271164], [0.3012999892234802, 0.6532999873161316]], [[0.00039999998989515007, 0.007699999958276749], [0.002199999988079071, 0.9897000193595886]], [[0.0, 0.0], [0.00019999999494757503, 0.9998000264167786]], [[0.0, 9.999999747378752e-05], [0.0, 0.9998999834060669]]]
and 0.9131969213485718
Average loss for epoch 3: 0.1908017502041759
Test accuracy after 3 epochs: 0.7445
Skip ratio: tensor([0.0000e+00, 0.0000e+00, 0.0000e+00, 1.4894e+00, 5.5655e+00, 3.8194e+01,
        9.4234e+01, 6.7819e+01, 3.8482e+01, 5.2450e-01, 1.0800e-02, 0.0000e+00]) and 20.52655792236328
Correct prediction ratio:
[[[0.0, 0.0], [0.0, 1.0]], [[0.0, 0.0], [0.0, 1.0]], [[0.0, 0.0], [0.0, 1.0]], [[0.000699999975040555, 0.0019000000320374966], [0.006899999920278788, 0.9904999732971191]], [[0.0031999999191612005, 0.0052999998442828655], [0.025200000032782555, 0.9663000106811523]], [[0.01810000091791153, 0.005499999970197678], [0.17679999768733978, 0.7996000051498413]], [[0.1517000049352646, 0.011099999770522118], [0.32910001277923584, 0.5080999732017517]], [[0.22139999270439148, 0.04149999842047691], [0.12460000067949295, 0.612500011920929]], [[0.020600000396370888, 0.025599999353289604], [0.17569999396800995, 0.777999997138977]], [[0.000699999975040555, 0.014000000432133675], [0.0020000000949949026, 0.983299970626831]], [[0.0, 0.00019999999494757503], [9.999999747378752e-05, 0.9997000098228455]], [[0.0, 0.0], [0.0, 1.0]]]
and 0.921200692653656
Average loss for epoch 4: 0.10770885190766329
Test accuracy after 4 epochs: 0.7482
Skip ratio: tensor([0.0000e+00, 0.0000e+00, 0.0000e+00, 1.8071e+00, 5.2770e+00, 3.6460e+01,
        9.8201e+01, 6.1661e+01, 4.4608e+01, 5.5680e-01, 1.3700e-02, 0.0000e+00]) and 20.715316772460938
Correct prediction ratio:
[[[0.0, 0.0], [0.0, 1.0]], [[0.0, 0.0], [0.0, 1.0]], [[0.0, 0.0], [0.0, 1.0]], [[0.0010000000474974513, 0.004000000189989805], [0.008200000040233135, 0.9868000149726868]], [[0.0024999999441206455, 0.004800000227987766], [0.024399999529123306, 0.9682999849319458]], [[0.014299999922513962, 0.003800000064074993], [0.17170000076293945, 0.8101000189781189]], [[0.14560000598430634, 0.008100000210106373], [0.3553999960422516, 0.4909000098705292]], [[0.19670000672340393, 0.051500000059604645], [0.11789999902248383, 0.633899986743927]], [[0.03840000182390213, 0.02930000051856041], [0.1891999989748001, 0.7430999875068665]], [[0.0007999999797903001, 0.015399999916553497], [0.0020000000949949026, 0.9818000197410583]], [[0.0, 0.0], [9.999999747378752e-05, 0.9998999834060669]], [[0.0, 0.0], [0.0, 1.0]]]
and 0.9178314805030823
Average loss for epoch 5: 0.054353588257744244
Test accuracy after 5 epochs: 0.7613
Best accuracy: 0.7613
