Skip ratio: tensor([0.0000e+00, 0.0000e+00, 0.0000e+00, 6.7000e-02, 2.3952e+00, 2.6808e+01,
        1.3088e+02, 1.6886e+02, 1.7827e+02, 1.2550e+02, 1.4830e+01, 1.3305e+01]) and 55.07692337036133
Correct prediction ratio:
[[[0.0, 0.0], [0.0, 1.0]], [[0.0, 0.0], [0.0, 1.0]], [[0.0, 0.0], [0.0, 1.0]], [[0.00019999999494757503, 0.04910000041127205], [9.999999747378752e-05, 0.9505000114440918]], [[0.008200000040233135, 0.1046999990940094], [0.004000000189989805, 0.8830999732017517]], [[0.08709999918937683, 0.19679999351501465], [0.04969999939203262, 0.6664000153541565]], [[0.49540001153945923, 0.10620000213384628], [0.17229999601840973, 0.22609999775886536]], [[0.7202000021934509, 0.04800000041723251], [0.1412999927997589, 0.09049999713897705]], [[0.7415000200271606, 0.03060000017285347], [0.1680999994277954, 0.05979999899864197]], [[0.4867999851703644, 0.1151999980211258], [0.1535000056028366, 0.24449999630451202]], [[0.07509999722242355, 0.017999999225139618], [0.0006000000284984708, 0.9063000082969666]], [[0.06390000134706497, 0.002300000051036477], [0.0038999998942017555, 0.9297999739646912]]]
and 0.8862761855125427
Average loss for epoch 1: 4.210448075251974
Test accuracy after 1 epochs: 0.591
Skip ratio: tensor([  0.0000,   0.0000,   0.0000,   0.4946,   4.3834,  31.2454, 123.2879,
        165.8360, 171.5161, 132.2092,  14.9004,  13.7870]) and 54.804996490478516
Correct prediction ratio:
[[[0.0, 0.0], [0.0, 1.0]], [[0.0, 0.0], [0.0, 1.0]], [[0.0, 0.0], [0.0, 1.0]], [[0.0015999999595806003, 0.04780000075697899], [0.0008999999845400453, 0.9496999979019165]], [[0.014399999752640724, 0.09759999811649323], [0.00800000037997961, 0.8801000118255615]], [[0.10580000281333923, 0.17350000143051147], [0.053599998354911804, 0.6671000123023987]], [[0.48010000586509705, 0.11079999804496765], [0.14890000224113464, 0.26019999384880066]], [[0.718999981880188, 0.05130000039935112], [0.12710000574588776, 0.10260000079870224]], [[0.7289999723434448, 0.04039999842643738], [0.1459999978542328, 0.08449999988079071]], [[0.5241000056266785, 0.0957999974489212], [0.15039999783039093, 0.2296999990940094]], [[0.07580000162124634, 0.016499999910593033], [0.00019999999494757503, 0.9075000286102295]], [[0.06689999997615814, 0.0010000000474974513], [0.0034000000450760126, 0.928600013256073]]]
and 0.8938937783241272
Average loss for epoch 2: 2.9299279231174737
Test accuracy after 2 epochs: 0.6251
Skip ratio: tensor([  0.0000,   0.0000,   0.0000,   0.8835,   5.0732,  33.8232, 121.1923,
        165.7224, 169.2033, 127.7647,  15.1177,  13.6320]) and 54.36769104003906
Correct prediction ratio:
[[[0.0, 0.0], [0.0, 1.0]], [[0.0, 0.0], [0.0, 1.0]], [[0.0, 0.0], [0.0, 1.0]], [[0.0027000000700354576, 0.04670000076293945], [0.0017999999690800905, 0.9488000273704529]], [[0.01679999940097332, 0.09470000118017197], [0.009100000374019146, 0.8794000148773193]], [[0.11550000309944153, 0.1615999937057495], [0.057100001722574234, 0.6658999919891357]], [[0.475600004196167, 0.11050000041723251], [0.1428000032901764, 0.2711000144481659]], [[0.720300018787384, 0.049800001084804535], [0.12530000507831573, 0.1046999990940094]], [[0.7240999937057495, 0.04230000078678131], [0.13920000195503235, 0.09440000355243683]], [[0.5184999704360962, 0.10499999672174454], [0.13330000638961792, 0.24320000410079956]], [[0.07670000195503235, 0.017000000923871994], [0.00039999998989515007, 0.9059000015258789]], [[0.06700000166893005, 0.0013000000035390258], [0.0024999999441206455, 0.9291999936103821]]]
and 0.8966438174247742
Average loss for epoch 3: 2.742854417509334
Test accuracy after 3 epochs: 0.6294
Skip ratio: tensor([  0.0000,   0.0000,   0.0000,   1.1392,   5.4110,  33.4382, 119.8147,
        162.5810, 166.8083, 128.7668,  15.2172,  13.8814]) and 53.92148208618164
Correct prediction ratio:
[[[0.0, 0.0], [0.0, 1.0]], [[0.0, 0.0], [0.0, 1.0]], [[0.0, 0.0], [0.0, 1.0]], [[0.0035000001080334187, 0.045899998396635056], [0.002300000051036477, 0.9483000040054321]], [[0.018200000748038292, 0.09300000220537186], [0.009399999864399433, 0.8794000148773193]], [[0.1160999983549118, 0.15960000455379486], [0.054499998688697815, 0.6697999835014343]], [[0.4740999937057495, 0.11150000244379044], [0.1371999979019165, 0.27720001339912415]], [[0.7139000296592712, 0.0568000003695488], [0.11559999734163284, 0.1137000024318695]], [[0.722100019454956, 0.046799998730421066], [0.1289999932050705, 0.10209999978542328]], [[0.5291000008583069, 0.10329999774694443], [0.12790000438690186, 0.23980000615119934]], [[0.0771000012755394, 0.017100000753998756], [0.0005000000237487257, 0.9053000211715698]], [[0.06780000030994415, 0.0010999999940395355], [0.003000000026077032, 0.9280999898910522]]]
and 0.8987886905670166
Average loss for epoch 4: 2.661944125108658
Test accuracy after 4 epochs: 0.6411
Skip ratio: tensor([  0.0000,   0.0000,   0.0000,   1.1844,   5.7396,  35.4269, 119.4035,
        164.9762, 163.9118, 133.4670,  15.4309,  13.6859]) and 54.435516357421875
Correct prediction ratio:
[[[0.0, 0.0], [0.0, 1.0]], [[0.0, 0.0], [0.0, 1.0]], [[0.0, 0.0], [0.0, 1.0]], [[0.003700000001117587, 0.04569999873638153], [0.002300000051036477, 0.9483000040054321]], [[0.019500000402331352, 0.09179999679327011], [0.009800000116229057, 0.8788999915122986]], [[0.12300000339746475, 0.15219999849796295], [0.05770000070333481, 0.6671000123023987]], [[0.4733000099658966, 0.10949999839067459], [0.13590000569820404, 0.28130000829696655]], [[0.7200999855995178, 0.04899999871850014], [0.12160000205039978, 0.10930000245571136]], [[0.7128999829292297, 0.051899999380111694], [0.12330000102519989, 0.11180000007152557]], [[0.5449000000953674, 0.0892999991774559], [0.13609999418258667, 0.2298000007867813]], [[0.07769999653100967, 0.01489999983459711], [0.0010000000474974513, 0.9064000248908997]], [[0.06769999861717224, 0.0012000000569969416], [0.002099999925121665, 0.9290000200271606]]]
and 0.9003939628601074
Average loss for epoch 5: 2.6073931782108963
Test accuracy after 5 epochs: 0.6433
Best accuracy: 0.6433
