Skip ratio: tensor([0.0000e+00, 0.0000e+00, 0.0000e+00, 6.7000e-02, 2.3952e+00, 2.6808e+01,
        1.3088e+02, 1.6886e+02, 1.7827e+02, 1.2551e+02, 1.4830e+01, 1.3305e+01]) and 55.0770263671875
Correct prediction ratio:
[[[0.0, 0.0], [0.0, 1.0]], [[0.0, 0.0], [0.0, 1.0]], [[0.0, 0.0], [0.0, 1.0]], [[0.00019999999494757503, 0.04910000041127205], [9.999999747378752e-05, 0.9505000114440918]], [[0.008200000040233135, 0.1046999990940094], [0.004000000189989805, 0.8830999732017517]], [[0.08709999918937683, 0.19679999351501465], [0.04969999939203262, 0.6664000153541565]], [[0.49540001153945923, 0.10620000213384628], [0.17229999601840973, 0.22609999775886536]], [[0.7202000021934509, 0.04800000041723251], [0.1412999927997589, 0.09049999713897705]], [[0.7415000200271606, 0.03060000017285347], [0.1680999994277954, 0.05979999899864197]], [[0.4867999851703644, 0.1151999980211258], [0.1535000056028366, 0.24449999630451202]], [[0.07509999722242355, 0.017999999225139618], [0.0006000000284984708, 0.9063000082969666]], [[0.06390000134706497, 0.002300000051036477], [0.0038999998942017555, 0.9297999739646912]]]
and 0.8862768411636353
Average loss for epoch 1: 4.210438131526777
Test accuracy after 1 epochs: 0.591
Skip ratio: tensor([  0.0000,   0.0000,   0.0000,   0.4946,   4.3834,  31.2454, 123.2872,
        165.8240, 171.5150, 132.2091,  14.9009,  13.7921]) and 54.80430603027344
Correct prediction ratio:
[[[0.0, 0.0], [0.0, 1.0]], [[0.0, 0.0], [0.0, 1.0]], [[0.0, 0.0], [0.0, 1.0]], [[0.0015999999595806003, 0.04780000075697899], [0.0008999999845400453, 0.9496999979019165]], [[0.014399999752640724, 0.09759999811649323], [0.00800000037997961, 0.8801000118255615]], [[0.10580000281333923, 0.17350000143051147], [0.053599998354911804, 0.6671000123023987]], [[0.48010000586509705, 0.11079999804496765], [0.14890000224113464, 0.26019999384880066]], [[0.718999981880188, 0.05130000039935112], [0.12710000574588776, 0.10270000249147415]], [[0.7290999889373779, 0.04039999842643738], [0.1459999978542328, 0.08449999988079071]], [[0.5242000222206116, 0.0957999974489212], [0.15039999783039093, 0.2296999990940094]], [[0.07580000162124634, 0.016499999910593033], [0.0003000000142492354, 0.9075000286102295]], [[0.06689999997615814, 0.0010000000474974513], [0.0034000000450760126, 0.928600013256073]]]
and 0.8938971161842346
Average loss for epoch 2: 2.9299606715038324
Test accuracy after 2 epochs: 0.6244
Skip ratio: tensor([  0.0000,   0.0000,   0.0000,   0.8833,   5.0733,  33.8223, 121.1853,
        165.7264, 169.1767, 127.7960,  15.1179,  13.6309]) and 54.36767578125
Correct prediction ratio:
[[[0.0, 0.0], [0.0, 1.0]], [[0.0, 0.0], [0.0, 1.0]], [[0.0, 0.0], [0.0, 1.0]], [[0.0027000000700354576, 0.04670000076293945], [0.0017999999690800905, 0.9488000273704529]], [[0.01679999940097332, 0.09470000118017197], [0.009100000374019146, 0.8794000148773193]], [[0.11550000309944153, 0.1615999937057495], [0.057100001722574234, 0.6658999919891357]], [[0.475600004196167, 0.11060000211000443], [0.14270000159740448, 0.2711000144481659]], [[0.720300018787384, 0.049800001084804535], [0.12530000507831573, 0.1046999990940094]], [[0.7239999771118164, 0.042399998754262924], [0.13910000026226044, 0.09440000355243683]], [[0.5187000036239624, 0.10490000247955322], [0.13330000638961792, 0.24300000071525574]], [[0.07670000195503235, 0.017000000923871994], [0.00039999998989515007, 0.9059000015258789]], [[0.06700000166893005, 0.0013000000035390258], [0.0024999999441206455, 0.9291999936103821]]]
and 0.8966494798660278
Average loss for epoch 3: 2.7429519094479313
Test accuracy after 3 epochs: 0.6299
Skip ratio: tensor([  0.0000,   0.0000,   0.0000,   1.1392,   5.4116,  33.4369, 119.8261,
        162.5969, 166.8120, 128.8078,  15.2201,  13.8799]) and 53.92753982543945
Correct prediction ratio:
[[[0.0, 0.0], [0.0, 1.0]], [[0.0, 0.0], [0.0, 1.0]], [[0.0, 0.0], [0.0, 1.0]], [[0.0035000001080334187, 0.045899998396635056], [0.002300000051036477, 0.9483000040054321]], [[0.018200000748038292, 0.09300000220537186], [0.009399999864399433, 0.8794000148773193]], [[0.1160999983549118, 0.15960000455379486], [0.054499998688697815, 0.6697999835014343]], [[0.4740999937057495, 0.11150000244379044], [0.1371999979019165, 0.27720001339912415]], [[0.7139000296592712, 0.0568000003695488], [0.11569999903440475, 0.1136000007390976]], [[0.722100019454956, 0.046799998730421066], [0.1289999932050705, 0.10209999978542328]], [[0.52920001745224, 0.1031000018119812], [0.12800000607967377, 0.23970000445842743]], [[0.0771000012755394, 0.017100000753998756], [0.0005000000237487257, 0.9053000211715698]], [[0.06780000030994415, 0.0010999999940395355], [0.003000000026077032, 0.9280999898910522]]]
and 0.8987910151481628
Average loss for epoch 4: 2.6620083948609174
Test accuracy after 4 epochs: 0.6403
Skip ratio: tensor([  0.0000,   0.0000,   0.0000,   1.1843,   5.7392,  35.4270, 119.4377,
        164.9640, 163.9390, 133.4401,  15.4305,  13.6903]) and 54.43767166137695
Correct prediction ratio:
[[[0.0, 0.0], [0.0, 1.0]], [[0.0, 0.0], [0.0, 1.0]], [[0.0, 0.0], [0.0, 1.0]], [[0.003700000001117587, 0.04569999873638153], [0.002300000051036477, 0.9483000040054321]], [[0.019500000402331352, 0.09179999679327011], [0.009800000116229057, 0.8788999915122986]], [[0.12300000339746475, 0.15219999849796295], [0.05770000070333481, 0.6671000123023987]], [[0.4733999967575073, 0.10939999669790268], [0.13600000739097595, 0.28119999170303345]], [[0.7200000286102295, 0.04899999871850014], [0.12160000205039978, 0.10930000245571136]], [[0.7129999995231628, 0.05180000141263008], [0.1234000027179718, 0.11169999837875366]], [[0.5447999835014343, 0.0892999991774559], [0.13600000739097595, 0.22990000247955322]], [[0.07769999653100967, 0.01489999983459711], [0.0010000000474974513, 0.9064000248908997]], [[0.06769999861717224, 0.0012000000569969416], [0.002099999925121665, 0.9290000200271606]]]
and 0.9003905057907104
Average loss for epoch 5: 2.6075025804483207
Test accuracy after 5 epochs: 0.643
Best accuracy: 0.643
Skip ratio: tensor([  0.0000,   0.0000,   0.0000,   2.2462,   6.4628,  37.1803, 107.7578,
        150.3956, 159.7991, 140.6426,  16.8033,  13.5581]) and 52.9038200378418
Correct prediction ratio:
[[[0.0, 0.0], [0.0, 1.0]], [[0.0, 0.0], [0.0, 1.0]], [[0.0, 0.0], [0.0, 1.0]], [[0.004100000020116568, 0.019999999552965164], [0.007300000172108412, 0.968500018119812]], [[0.008999999612569809, 0.021700000390410423], [0.023900000378489494, 0.9452999830245972]], [[0.06499999761581421, 0.04340000078082085], [0.12470000237226486, 0.7670000195503235]], [[0.30059999227523804, 0.0544000007212162], [0.2492000013589859, 0.39579999446868896]], [[0.4772999882698059, 0.02800000086426735], [0.28999999165534973, 0.20469999313354492]], [[0.3612000048160553, 0.010400000028312206], [0.45410001277923584, 0.17430000007152557]], [[0.17640000581741333, 0.003000000026077032], [0.541100025177002, 0.2793999910354614]], [[0.07450000196695328, 0.00279999990016222], [0.01119999960064888, 0.9114999771118164]], [[0.06210000067949295, 0.013500000350177288], [0.0071000000461936, 0.9174000024795532]]]
and 0.8411753177642822
Average loss for epoch 1: 0.21754290623839495
Test accuracy after 1 epochs: 0.8378
Skip ratio: tensor([  0.0000,   0.0000,   0.0000,   2.0296,   6.2281,  38.5321, 102.2698,
        152.6709, 158.0598, 141.1916,  19.3112,  15.8538]) and 53.01224136352539
Correct prediction ratio:
[[[0.0, 0.0], [0.0, 1.0]], [[0.0, 0.0], [0.0, 1.0]], [[0.0, 0.0], [0.0, 1.0]], [[0.004100000020116568, 0.022700000554323196], [0.006200000178068876, 0.9668999910354614]], [[0.005400000140070915, 0.012799999676644802], [0.026399999856948853, 0.9555000066757202]], [[0.06859999895095825, 0.04179999977350235], [0.12800000607967377, 0.7616000175476074]], [[0.26269999146461487, 0.04899999871850014], [0.2590999901294708, 0.4291999936103821]], [[0.4641999900341034, 0.023399999365210533], [0.3147999942302704, 0.19769999384880066]], [[0.3603000044822693, 0.010900000110268593], [0.44609999656677246, 0.1826999932527542]], [[0.21879999339580536, 0.0044999998062849045], [0.5016000270843506, 0.2750999927520752]], [[0.08760000020265579, 0.002899999963119626], [0.010900000110268593, 0.8985000252723694]], [[0.07280000299215317, 0.012199999764561653], [0.00800000037997961, 0.9070000052452087]]]
and 0.8432117104530334
Average loss for epoch 2: 0.03995080458617229
Test accuracy after 2 epochs: 0.8435
Skip ratio: tensor([  0.0000,   0.0000,   0.0000,   2.0157,   6.5747,  39.9003, 103.6223,
        149.6306, 159.4457, 141.2855,  21.2408,  17.7576]) and 53.45610046386719
Correct prediction ratio:
[[[0.0, 0.0], [0.0, 1.0]], [[0.0, 0.0], [0.0, 1.0]], [[0.0, 0.0], [0.0, 1.0]], [[0.003599999938160181, 0.01769999973475933], [0.0066999997943639755, 0.972000002861023]], [[0.007699999958276749, 0.016100000590085983], [0.02590000070631504, 0.9503999948501587]], [[0.06279999762773514, 0.03370000049471855], [0.14069999754428864, 0.7627999782562256]], [[0.27079999446868896, 0.05169999971985817], [0.2578999996185303, 0.4196000099182129]], [[0.4684000015258789, 0.02810000069439411], [0.29499998688697815, 0.2084999978542328]], [[0.3813000023365021, 0.011500000022351742], [0.43220001459121704, 0.17499999701976776]], [[0.21739999949932098, 0.004000000189989805], [0.5034999847412109, 0.2750999927520752]], [[0.0966000035405159, 0.003000000026077032], [0.011800000444054604, 0.8885999917984009]], [[0.08110000193119049, 0.013500000350177288], [0.009499999694526196, 0.8959000110626221]]]
and 0.8447902798652649
Average loss for epoch 3: 0.01807744955127928
Test accuracy after 3 epochs: 0.8464
Skip ratio: tensor([  0.0000,   0.0000,   0.0000,   2.4263,   6.2746,  37.1790, 101.6941,
        150.4275, 158.8361, 143.7370,  23.9977,  19.2061]) and 53.648197174072266
Correct prediction ratio:
[[[0.0, 0.0], [0.0, 1.0]], [[0.0, 0.0], [0.0, 1.0]], [[0.0, 0.0], [0.0, 1.0]], [[0.0038999998942017555, 0.016599999740719795], [0.008500000461935997, 0.9710000157356262]], [[0.007199999876320362, 0.017999999225139618], [0.024800000712275505, 0.949999988079071]], [[0.05719999969005585, 0.028200000524520874], [0.13249999284744263, 0.7821000218391418]], [[0.26089999079704285, 0.04699999839067459], [0.257999986410141, 0.4341999888420105]], [[0.4846000075340271, 0.03139999881386757], [0.28290000557899475, 0.20110000669956207]], [[0.4058000147342682, 0.013799999840557575], [0.40459999442100525, 0.17579999566078186]], [[0.22419999539852142, 0.003100000089034438], [0.5091999769210815, 0.26350000500679016]], [[0.10809999704360962, 0.004399999976158142], [0.014299999922513962, 0.873199999332428]], [[0.08869999647140503, 0.014499999582767487], [0.00930000003427267, 0.887499988079071]]]
and 0.8482441902160645
Average loss for epoch 4: 0.014897705405760723
Test accuracy after 4 epochs: 0.8452
Skip ratio: tensor([  0.0000,   0.0000,   0.0000,   2.9677,   6.7775,  37.1077, 100.5792,
        153.4284, 160.3184, 145.1295,  23.5967,  19.1453]) and 54.0875358581543
Correct prediction ratio:
[[[0.0, 0.0], [0.0, 1.0]], [[0.0, 0.0], [0.0, 1.0]], [[0.0, 0.0], [0.0, 1.0]], [[0.003800000064074993, 0.011500000022351742], [0.01140000019222498, 0.9732999801635742]], [[0.00800000037997961, 0.02070000022649765], [0.026599999517202377, 0.9447000026702881]], [[0.05090000107884407, 0.024399999529123306], [0.13840000331401825, 0.786300003528595]], [[0.2506999969482422, 0.04769999906420708], [0.26249998807907104, 0.4392000138759613]], [[0.5117999911308289, 0.031199999153614044], [0.2709999978542328, 0.1860000044107437]], [[0.3986999988555908, 0.01209999993443489], [0.41920000314712524, 0.17000000178813934]], [[0.2223999947309494, 0.00279999990016222], [0.5181000232696533, 0.2567000091075897]], [[0.1080000028014183, 0.004399999976158142], [0.012400000356137753, 0.8751999735832214]], [[0.08789999783039093, 0.014499999582767487], [0.009800000116229057, 0.8877999782562256]]]
and 0.8467764258384705
Average loss for epoch 5: 0.016174546156707367
Test accuracy after 5 epochs: 0.8387
Best accuracy: 0.8464
