Skip ratio: tensor([0., 0., 0., 0., 0., 0., 0., 0., 0., 0., 0., 0.]) and 0.0
Correct prediction ratio:
[[[0.0, 0.0052999998442828655], [0.0, 0.994700014591217]], [[0.02319999970495701, 0.19740000367164612], [0.024299999698996544, 0.7551000118255615]], [[0.753000020980835, 0.014800000004470348], [0.2062000036239624, 0.026000000536441803]], [[0.49459999799728394, 0.016300000250339508], [0.44620001316070557, 0.04280000180006027]], [[0.05530000105500221, 0.18070000410079956], [0.07259999960660934, 0.6915000081062317]], [[0.017899999395012856, 0.18520000576972961], [0.02800000086426735, 0.7688999772071838]], [[0.8549000024795532, 0.0], [0.14509999752044678, 0.0]], [[0.9373999834060669, 0.0], [0.06260000169277191, 0.0]], [[0.9138000011444092, 0.0], [0.08619999885559082, 0.0]], [[0.7347999811172485, 0.024299999698996544], [0.2142000049352646, 0.02669999934732914]], [[0.0, 0.04650000110268593], [0.0, 0.953499972820282]], [[0.0, 0.010900000110268593], [0.0, 0.9890999794006348]]]
and 0.8361053466796875
Average loss for epoch 1: 7.084887975340436
Test accuracy after 1 epochs: 0.1403
Skip ratio: tensor([0., 0., 0., 0., 0., 0., 0., 0., 0., 0., 0., 0.]) and 0.0
Correct prediction ratio:
[[[0.0, 0.0052999998442828655], [0.0, 0.994700014591217]], [[0.03060000017285347, 0.1899999976158142], [0.026599999517202377, 0.7527999877929688]], [[0.7437000274658203, 0.016100000590085983], [0.21549999713897705, 0.024700000882148743]], [[0.4410000145435333, 0.06210000067949295], [0.22599999606609344, 0.2709999978542328]], [[0.2718000113964081, 0.12530000507831573], [0.23119999468326569, 0.3716999888420105]], [[0.29190000891685486, 0.1453000009059906], [0.21209999918937683, 0.350600004196167]], [[0.6980000138282776, 0.0], [0.3019999861717224, 0.0]], [[0.7985000014305115, 0.0], [0.20149999856948853, 0.0]], [[0.7720999717712402, 0.0], [0.22789999842643738, 0.0]], [[0.4945000112056732, 0.0738999992609024], [0.25189998745918274, 0.17970000207424164]], [[0.0, 0.06589999794960022], [0.0, 0.9340999722480774]], [[0.0, 0.0052999998442828655], [0.0, 0.994700014591217]]]
and 0.7846724390983582
Average loss for epoch 2: 6.9013908137181765
Test accuracy after 2 epochs: 0.1048
Skip ratio: tensor([0., 0., 0., 0., 0., 0., 0., 0., 0., 0., 0., 0.]) and 0.0
Correct prediction ratio:
[[[0.0, 0.0052999998442828655], [0.0, 0.994700014591217]], [[0.041999999433755875, 0.17870000004768372], [0.035999998450279236, 0.743399977684021]], [[0.7279999852180481, 0.014399999752640724], [0.2321999967098236, 0.02539999969303608]], [[0.4131999909877777, 0.07249999791383743], [0.195700004696846, 0.31859999895095825]], [[0.288100004196167, 0.1298999935388565], [0.20229999721050262, 0.3797000050544739]], [[0.37220001220703125, 0.10209999978542328], [0.25290000438690186, 0.2727000117301941]], [[0.7249000072479248, 0.0], [0.2750999927520752, 0.0]], [[0.7904000282287598, 0.0], [0.20960000157356262, 0.0]], [[0.7591000199317932, 0.0], [0.24089999496936798, 0.0]], [[0.492900013923645, 0.06270000338554382], [0.24629999697208405, 0.19820000231266022]], [[0.0, 0.04749999940395355], [0.0, 0.9524999856948853]], [[0.0, 0.00419999985024333], [0.0, 0.9958000183105469]]]
and 0.7909928560256958
Average loss for epoch 3: 6.828551857334793
Test accuracy after 3 epochs: 0.0943
Skip ratio: tensor([0., 0., 0., 0., 0., 0., 0., 0., 0., 0., 0., 0.]) and 0.0
Correct prediction ratio:
[[[0.0, 0.0052999998442828655], [0.0, 0.994700014591217]], [[0.05130000039935112, 0.16930000483989716], [0.04349999874830246, 0.73580002784729]], [[0.7160000205039978, 0.012600000016391277], [0.24500000476837158, 0.026499999687075615]], [[0.400299996137619, 0.07329999655485153], [0.18330000340938568, 0.34310001134872437]], [[0.3257000148296356, 0.10050000250339508], [0.22789999842643738, 0.3458000123500824]], [[0.4244000017642975, 0.08060000091791153], [0.27959999442100525, 0.21529999375343323]], [[0.7111999988555908, 0.0], [0.2888000011444092, 0.0]], [[0.7617999911308289, 0.0], [0.23819999396800995, 0.0]], [[0.7396000027656555, 0.0], [0.2603999972343445, 0.0]], [[0.4474000036716461, 0.06589999794960022], [0.24940000474452972, 0.23739999532699585]], [[0.0, 0.042899999767541885], [0.0, 0.957099974155426]], [[0.0, 0.0035000001080334187], [0.0, 0.9965000152587891]]]
and 0.7858220934867859
Average loss for epoch 4: 6.803951961978985
Test accuracy after 4 epochs: 0.0878
Skip ratio: tensor([0., 0., 0., 0., 0., 0., 0., 0., 0., 0., 0., 0.]) and 0.0
Correct prediction ratio:
[[[0.0, 0.0052999998442828655], [0.0, 0.994700014591217]], [[0.05860000103712082, 0.16200000047683716], [0.04839999973773956, 0.7310000061988831]], [[0.7077999711036682, 0.011599999852478504], [0.2542000114917755, 0.026399999856948853]], [[0.4059999883174896, 0.05990000069141388], [0.1956000030040741, 0.3384000062942505]], [[0.3156999945640564, 0.09470000118017197], [0.21130000054836273, 0.3783000111579895]], [[0.4438000023365021, 0.06499999761581421], [0.2913999855518341, 0.19979999959468842]], [[0.7129999995231628, 0.0], [0.28700000047683716, 0.0]], [[0.7570000290870667, 0.0], [0.24300000071525574, 0.0]], [[0.7330999970436096, 0.0], [0.2669000029563904, 0.0]], [[0.45320001244544983, 0.0617000013589859], [0.25040000677108765, 0.23469999432563782]], [[0.0, 0.04390000179409981], [0.0, 0.9560999870300293]], [[0.0, 0.003599999938160181], [0.0, 0.996399998664856]]]
and 0.7870081663131714
Average loss for epoch 5: 6.788284186344997
Test accuracy after 5 epochs: 0.0828
Best accuracy: 0.1403
Skip ratio: tensor([0., 0., 0., 0., 0., 0., 0., 0., 0., 0., 0., 0.]) and 0.0
Correct prediction ratio:
[[[0.0, 0.00039999998989515007], [0.0, 0.9995999932289124]], [[0.00279999990016222, 0.002400000113993883], [0.10859999805688858, 0.8862000107765198]], [[0.6080999970436096, 0.008500000461935997], [0.3549000024795532, 0.02850000001490116]], [[0.3133000135421753, 0.022099999710917473], [0.36970001459121704, 0.29499998688697815]], [[0.17659999430179596, 0.0697999969124794], [0.3637999892234802, 0.3896999955177307]], [[0.5837000012397766, 0.023399999365210533], [0.33340001106262207, 0.05939999967813492]], [[0.6557000279426575, 0.0], [0.3443000018596649, 0.0]], [[0.6794000267982483, 0.0], [0.3206000030040741, 0.0]], [[0.6069999933242798, 0.0], [0.3930000066757202, 0.0]], [[0.3903999924659729, 0.008500000461935997], [0.548799991607666, 0.05220000073313713]], [[0.0, 0.023099999874830246], [0.0, 0.9768999814987183]], [[0.0, 0.002199999988079071], [0.0, 0.9977999925613403]]]
and 0.7252057790756226
Average loss for epoch 1: 2.5618996901117312
Test accuracy after 1 epochs: 0.4367
Skip ratio: tensor([0., 0., 0., 0., 0., 0., 0., 0., 0., 0., 0., 0.]) and 0.0
Correct prediction ratio:
[[[0.0, 0.0003000000142492354], [0.0, 0.9997000098228455]], [[0.00039999998989515007, 0.00039999998989515007], [0.11020000278949738, 0.8889999985694885]], [[0.5616000294685364, 0.006599999964237213], [0.4018000066280365, 0.029999999329447746]], [[0.2653000056743622, 0.01899999938905239], [0.4415000081062317, 0.27410000562667847]], [[0.1784999966621399, 0.05249999836087227], [0.4147000014781952, 0.35429999232292175]], [[0.521399974822998, 0.013000000268220901], [0.41620001196861267, 0.049400001764297485]], [[0.6365000009536743, 0.0], [0.3634999990463257, 0.0]], [[0.6349999904632568, 0.0], [0.36500000953674316, 0.0]], [[0.6283000111579895, 0.0], [0.3716999888420105, 0.0]], [[0.4115000069141388, 0.013100000098347664], [0.5235999822616577, 0.05180000141263008]], [[0.0, 0.015599999576807022], [0.0, 0.9843999743461609]], [[0.0, 0.002199999988079071], [0.0, 0.9977999925613403]]]
and 0.7057579159736633
Average loss for epoch 2: 1.5209367480247644
Test accuracy after 2 epochs: 0.4863
Skip ratio: tensor([0., 0., 0., 0., 0., 0., 0., 0., 0., 0., 0., 0.]) and 0.0
Correct prediction ratio:
[[[0.0, 0.00039999998989515007], [0.0, 0.9995999932289124]], [[0.00019999999494757503, 9.999999747378752e-05], [0.10660000145435333, 0.8931000232696533]], [[0.567799985408783, 0.007199999876320362], [0.39570000767707825, 0.029200000688433647]], [[0.26660001277923584, 0.014499999582767487], [0.45719999074935913, 0.26170000433921814]], [[0.16339999437332153, 0.04800000041723251], [0.42480000853538513, 0.36390000581741333]], [[0.5396999716758728, 0.009499999694526196], [0.4142000079154968, 0.03660000115633011]], [[0.6139000058174133, 0.0], [0.38609999418258667, 0.0]], [[0.6662999987602234, 0.0], [0.3337000012397766, 0.0]], [[0.6482999920845032, 0.0], [0.3517000079154968, 0.0]], [[0.4171000123023987, 0.006000000052154064], [0.5418999791145325, 0.03500000014901161]], [[0.0, 0.017400000244379044], [0.0, 0.9825999736785889]], [[0.0, 0.004000000189989805], [0.0, 0.9959999918937683]]]
and 0.7067446708679199
Average loss for epoch 3: 0.8554989722124331
Test accuracy after 3 epochs: 0.499
Skip ratio: tensor([0., 0., 0., 0., 0., 0., 0., 0., 0., 0., 0., 0.]) and 0.0
Correct prediction ratio:
[[[0.0, 9.999999747378752e-05], [0.0, 0.9998999834060669]], [[0.00019999999494757503, 0.00019999999494757503], [0.09610000252723694, 0.9035999774932861]], [[0.508400022983551, 0.006500000134110451], [0.4553000032901764, 0.02979999966919422]], [[0.28929999470710754, 0.022600000724196434], [0.39320001006126404, 0.29490000009536743]], [[0.16060000658035278, 0.04149999842047691], [0.42590001225471497, 0.3720000088214874]], [[0.5131999850273132, 0.009499999694526196], [0.4366999864578247, 0.0406000018119812]], [[0.6327000260353088, 0.0], [0.36730000376701355, 0.0]], [[0.6654999852180481, 0.0], [0.3345000147819519, 0.0]], [[0.6396999955177307, 0.0], [0.3603000044822693, 0.0]], [[0.40610000491142273, 0.005400000140070915], [0.5511999726295471, 0.037300001829862595]], [[0.0, 0.020999999716877937], [0.0, 0.9789999723434448]], [[0.0, 0.005499999970197678], [0.0, 0.9944999814033508]]]
and 0.7056046724319458
Average loss for epoch 4: 0.446308697295037
Test accuracy after 4 epochs: 0.5104
