Skip ratio: tensor([0.0000e+00, 0.0000e+00, 0.0000e+00, 2.0200e-02, 1.5803e+00, 2.9490e+01,
        1.3883e+02, 5.5166e+01, 9.6900e-02, 8.0000e-04, 0.0000e+00, 0.0000e+00]) and 18.764942169189453
Correct prediction ratio:
[[[0.0, 0.0], [0.0, 1.0]], [[0.0, 0.0], [0.0, 1.0]], [[0.0, 0.0], [0.0, 1.0]], [[9.999999747378752e-05, 0.049300000071525574], [0.0, 0.9506000280380249]], [[0.005499999970197678, 0.10760000348091125], [0.0024999999441206455, 0.8842999935150146]], [[0.09870000183582306, 0.1889999955892563], [0.05169999971985817, 0.6604999899864197]], [[0.5461000204086304, 0.051899999380111694], [0.16220000386238098, 0.23980000615119934]], [[0.24079999327659607, 0.008899999782443047], [0.040699999779462814, 0.7096999883651733]], [[0.00039999998989515007, 0.00839999970048666], [9.999999747378752e-05, 0.991100013256073]], [[0.0, 0.001500000013038516], [0.0, 0.9983999729156494]], [[0.0, 0.00019999999494757503], [0.0, 0.9998000264167786]], [[0.0, 0.0], [0.0, 1.0]]]
and 0.9438126087188721
Average loss for epoch 1: nan
Test accuracy after 1 epochs: 0.032
Skip ratio: tensor([0.0000e+00, 0.0000e+00, 0.0000e+00, 1.1730e-01, 3.7808e+00, 3.6261e+01,
        1.2655e+02, 6.0551e+01, 1.4085e+00, 0.0000e+00, 0.0000e+00, 0.0000e+00]) and 19.056032180786133
Correct prediction ratio:
[[[0.0, 0.0], [0.0, 1.0]], [[0.0, 0.0], [0.0, 1.0]], [[0.0, 0.0], [0.0, 1.0]], [[0.00039999998989515007, 0.04899999871850014], [0.00019999999494757503, 0.9503999948501587]], [[0.013100000098347664, 0.09969999641180038], [0.006200000178068876, 0.8809999823570251]], [[0.12449999898672104, 0.1623000055551529], [0.060499999672174454, 0.6525999903678894]], [[0.5188999772071838, 0.05209999904036522], [0.1266999989748001, 0.30219998955726624]], [[0.27889999747276306, 0.008899999782443047], [0.029999999329447746, 0.6820999979972839]], [[0.006599999964237213, 0.0066999997943639755], [0.0006000000284984708, 0.9861000180244446]], [[0.0, 0.0012000000569969416], [0.0, 0.9987999796867371]], [[0.0, 0.0], [0.0, 1.0]], [[0.0, 0.0], [0.0, 1.0]]]
and 0.9496479630470276
Average loss for epoch 2: nan
Test accuracy after 2 epochs: 0.0312
Skip ratio: tensor([  0.0000,   0.0000,   0.0000,   0.3546,   5.1013,  38.1735, 123.3048,
         61.6133,   2.2279,   0.0000,   0.0000,   0.0000]) and 19.23128318786621
Correct prediction ratio:
[[[0.0, 0.0], [0.0, 1.0]], [[0.0, 0.0], [0.0, 1.0]], [[0.0, 0.0], [0.0, 1.0]], [[0.0012000000569969416, 0.04820000007748604], [0.0006000000284984708, 0.949999988079071]], [[0.017100000753998756, 0.09489999711513519], [0.008899999782443047, 0.8791000247001648]], [[0.13289999961853027, 0.15309999883174896], [0.061900001019239426, 0.6521000266075134]], [[0.511900007724762, 0.048500001430511475], [0.11720000207424164, 0.3224000036716461]], [[0.28859999775886536, 0.008100000210106373], [0.025800000876188278, 0.6776000261306763]], [[0.009800000116229057, 0.004999999888241291], [0.001500000013038516, 0.9836000204086304]], [[0.0, 0.0007999999797903001], [0.0, 0.9991999864578247]], [[0.0, 0.0], [0.0, 1.0]], [[0.0, 0.0], [0.0, 1.0]]]
and 0.9521174430847168
Average loss for epoch 3: nan
Test accuracy after 3 epochs: 0.0259
Skip ratio: tensor([  0.0000,   0.0000,   0.0000,   0.6615,   5.7021,  41.6428, 118.8756,
         62.8369,   2.7631,   0.0000,   0.0000,   0.0000]) and 19.373498916625977
Correct prediction ratio:
[[[0.0, 0.0], [0.0, 1.0]], [[0.0, 0.0], [0.0, 1.0]], [[0.0, 0.0], [0.0, 1.0]], [[0.002099999925121665, 0.04729999974370003], [0.0013000000035390258, 0.9492999911308289]], [[0.019200000911951065, 0.09210000187158585], [0.00989999994635582, 0.8787999749183655]], [[0.14409999549388885, 0.1412999927997589], [0.06840000301599503, 0.6462000012397766]], [[0.49880000948905945, 0.04749999940395355], [0.10769999772310257, 0.34599998593330383]], [[0.2985999882221222, 0.009999999776482582], [0.02199999988079071, 0.6693999767303467]], [[0.012000000104308128, 0.00559999980032444], [0.0020000000949949026, 0.9803000092506409]], [[0.0, 0.0008999999845400453], [0.0, 0.9991000294685364]], [[0.0, 0.0], [0.0, 1.0]], [[0.0, 0.0], [0.0, 1.0]]]
and 0.9536699652671814
Average loss for epoch 4: nan
Test accuracy after 4 epochs: 0.0302
Skip ratio: tensor([0.0000e+00, 0.0000e+00, 0.0000e+00, 8.7910e-01, 6.3695e+00, 4.0370e+01,
        1.1733e+02, 6.2700e+01, 2.9101e+00, 8.5000e-03, 1.0000e-04, 0.0000e+00]) and 19.21356773376465
Correct prediction ratio:
[[[0.0, 0.0], [0.0, 1.0]], [[0.0, 0.0], [0.0, 1.0]], [[0.0, 0.0], [0.0, 1.0]], [[0.0027000000700354576, 0.04659999907016754], [0.0017000000225380063, 0.9488999843597412]], [[0.021299999207258224, 0.08959999680519104], [0.01119999960064888, 0.8779000043869019]], [[0.14239999651908875, 0.14229999482631683], [0.06360000371932983, 0.6517999768257141]], [[0.4959000051021576, 0.0502999983727932], [0.10270000249147415, 0.35109999775886536]], [[0.2976999878883362, 0.010300000198185444], [0.022199999541044235, 0.6697999835014343]], [[0.012799999676644802, 0.006000000052154064], [0.0020000000949949026, 0.979200005531311]], [[0.0, 0.0010000000474974513], [0.0, 0.9988999962806702]], [[0.0, 0.0], [0.0, 1.0]], [[0.0, 0.0], [0.0, 1.0]]]
and 0.9541998505592346
Average loss for epoch 5: nan
Test accuracy after 5 epochs: 0.0336
Best accuracy: 0.0336
Skip ratio: tensor([0.0000e+00, 0.0000e+00, 0.0000e+00, 8.3040e-01, 2.7998e+00, 2.4091e+01,
        8.8823e+01, 7.2604e+01, 2.5765e+01, 5.5860e-01, 3.9900e-02, 1.0000e-04]) and 17.95931625366211
Correct prediction ratio:
[[[0.0, 0.0], [0.0, 1.0]], [[0.0, 0.0], [0.0, 1.0]], [[0.0, 0.0], [0.0, 1.0]], [[0.0015999999595806003, 0.009800000116229057], [0.0027000000700354576, 0.9858999848365784]], [[0.004000000189989805, 0.01720000058412552], [0.010300000198185444, 0.968500018119812]], [[0.01140000019222498, 0.004999999888241291], [0.11150000244379044, 0.8720999956130981]], [[0.11890000104904175, 0.01600000075995922], [0.3343000113964081, 0.5307999849319458]], [[0.18860000371932983, 0.010599999688565731], [0.1818999946117401, 0.6189000010490417]], [[0.018300000578165054, 0.006800000090152025], [0.11309999972581863, 0.8616999983787537]], [[0.0007999999797903001, 0.0020000000949949026], [0.002099999925121665, 0.9951000213623047]], [[0.0, 9.999999747378752e-05], [0.00019999999494757503, 0.9997000098228455]], [[0.0, 0.0], [0.0, 1.0]]]
and 0.9313724637031555
Average loss for epoch 1: 1.6395698292240215
Test accuracy after 1 epochs: 0.7193
Skip ratio: tensor([0.0000e+00, 0.0000e+00, 0.0000e+00, 1.0852e+00, 4.7420e+00, 2.9692e+01,
        9.7877e+01, 5.7424e+01, 5.0675e+01, 5.0440e-01, 1.5400e-02, 2.0000e-04]) and 20.16786766052246
Correct prediction ratio:
[[[0.0, 0.0], [0.0, 1.0]], [[0.0, 0.0], [0.0, 1.0]], [[0.0, 0.0], [0.0, 1.0]], [[0.0010999999940395355, 0.006200000178068876], [0.004399999976158142, 0.9882000088691711]], [[0.0032999999821186066, 0.008299999870359898], [0.020899999886751175, 0.9674999713897705]], [[0.011800000444054604, 0.00419999985024333], [0.1396999955177307, 0.8442999720573425]], [[0.13539999723434448, 0.011300000362098217], [0.36390000581741333, 0.489300012588501]], [[0.13779999315738678, 0.008200000040233135], [0.15520000457763672, 0.6988000273704529]], [[0.016100000590085983, 0.004800000227987766], [0.24240000545978546, 0.7366999983787537]], [[0.000699999975040555, 0.0024999999441206455], [0.0019000000320374966, 0.9950000047683716]], [[0.0, 0.0], [9.999999747378752e-05, 0.9998999834060669]], [[0.0, 0.0], [0.0, 1.0]]]
and 0.918814480304718
Average loss for epoch 2: 0.40518750212374766
Test accuracy after 2 epochs: 0.7378
Skip ratio: tensor([0.0000e+00, 0.0000e+00, 0.0000e+00, 1.8446e+00, 5.9192e+00, 3.6206e+01,
        8.9365e+01, 5.8918e+01, 4.9625e+01, 5.1160e-01, 3.1500e-02, 3.0000e-04]) and 20.20177459716797
Correct prediction ratio:
[[[0.0, 0.0], [0.0, 1.0]], [[0.0, 0.0], [0.0, 1.0]], [[0.0, 0.0], [0.0, 1.0]], [[0.0010000000474974513, 0.0024999999441206455], [0.00839999970048666, 0.988099992275238]], [[0.003000000026077032, 0.005100000184029341], [0.0272000003606081, 0.9646999835968018]], [[0.014999999664723873, 0.0038999998942017555], [0.16979999840259552, 0.8113999962806702]], [[0.10599999874830246, 0.008700000122189522], [0.3499999940395355, 0.5353999733924866]], [[0.16859999299049377, 0.019200000911951065], [0.13199999928474426, 0.6801999807357788]], [[0.024399999529123306, 0.010400000028312206], [0.2287999987602234, 0.7364000082015991]], [[0.000699999975040555, 0.003700000001117587], [0.0019000000320374966, 0.9936000108718872]], [[0.0, 0.0], [0.00019999999494757503, 0.9998000264167786]], [[0.0, 0.0], [0.0, 1.0]]]
and 0.9190173745155334
Average loss for epoch 3: 0.16806088976419656
Test accuracy after 3 epochs: 0.7453
Skip ratio: tensor([0.0000e+00, 0.0000e+00, 0.0000e+00, 1.7394e+00, 5.7114e+00, 3.1819e+01,
        8.8471e+01, 6.5342e+01, 6.5426e+01, 5.8950e-01, 1.7200e-02, 4.0000e-04]) and 21.593017578125
Correct prediction ratio:
[[[0.0, 0.0], [0.0, 1.0]], [[0.0, 0.0], [0.0, 1.0]], [[0.0, 0.0], [0.0, 1.0]], [[0.0012000000569969416, 0.0034000000450760126], [0.007699999958276749, 0.9876999855041504]], [[0.0027000000700354576, 0.0034000000450760126], [0.026499999687075615, 0.9674000144004822]], [[0.01730000041425228, 0.006399999838322401], [0.14499999582767487, 0.8313000202178955]], [[0.1088000014424324, 0.008999999612569809], [0.3425999879837036, 0.5396000146865845]], [[0.19699999690055847, 0.026000000536441803], [0.1363999992609024, 0.6406000256538391]], [[0.020400000736117363, 0.007799999788403511], [0.313400000333786, 0.6583999991416931]], [[0.0010000000474974513, 0.009800000116229057], [0.0020000000949949026, 0.9872000217437744]], [[0.0, 0.0003000000142492354], [9.999999747378752e-05, 0.9995999932289124]], [[0.0, 0.0], [0.0, 1.0]]]
and 0.9133400321006775
Average loss for epoch 4: 0.08513457508413655
Test accuracy after 4 epochs: 0.7545
Skip ratio: tensor([0.0000e+00, 0.0000e+00, 0.0000e+00, 1.4010e+00, 6.9559e+00, 3.5567e+01,
        8.7955e+01, 6.0748e+01, 6.6043e+01, 6.2560e-01, 2.4400e-02, 1.0000e-04]) and 21.610008239746094
Correct prediction ratio:
[[[0.0, 0.0], [0.0, 1.0]], [[0.0, 0.0], [0.0, 1.0]], [[0.0, 0.0], [0.0, 1.0]], [[0.0010000000474974513, 0.0038999998942017555], [0.006099999882280827, 0.9889000058174133]], [[0.0034000000450760126, 0.0038999998942017555], [0.032099999487400055, 0.9606000185012817]], [[0.017000000923871994, 0.004999999888241291], [0.16449999809265137, 0.8136000037193298]], [[0.09849999845027924, 0.007499999832361937], [0.35030001401901245, 0.5437999963760376]], [[0.17520000040531158, 0.030899999663233757], [0.1348000019788742, 0.6590999960899353]], [[0.03739999979734421, 0.016200000420212746], [0.2994999885559082, 0.6467999815940857]], [[0.0008999999845400453, 0.008799999952316284], [0.002199999988079071, 0.9879999756813049]], [[0.0, 0.00039999998989515007], [9.999999747378752e-05, 0.9994000196456909]], [[0.0, 0.0], [0.0, 1.0]]]
and 0.9111455678939819
Average loss for epoch 5: 0.06135875374007567
Test accuracy after 5 epochs: 0.7501
Best accuracy: 0.7545
