Skip ratio: tensor([0.0000e+00, 0.0000e+00, 0.0000e+00, 9.1100e-02, 2.0815e+00, 3.1017e+01,
        1.3026e+02, 3.8352e+01, 1.2575e+00, 1.3000e-03, 1.0000e-04, 0.0000e+00]) and 16.92213249206543
Correct prediction ratio:
[[[0.0, 0.0], [0.0, 1.0]], [[0.0, 0.0], [0.0, 1.0]], [[0.0, 0.0], [0.0, 1.0]], [[0.0003000000142492354, 0.04910000041127205], [0.00019999999494757503, 0.9505000114440918]], [[0.007499999832361937, 0.10530000180006027], [0.003100000089034438, 0.8840000033378601]], [[0.10649999976158142, 0.18219999969005585], [0.05169999971985817, 0.659600019454956]], [[0.5023000240325928, 0.06239999830722809], [0.1623000055551529, 0.27300000190734863]], [[0.16050000488758087, 0.02199999988079071], [0.03519999980926514, 0.7822999954223633]], [[0.0038999998942017555, 0.013500000350177288], [0.0024999999441206455, 0.9800999760627747]], [[0.0, 0.0066999997943639755], [0.0, 0.9933000206947327]], [[0.0, 0.0], [0.0, 1.0]], [[0.0, 0.0], [0.0, 1.0]]]
and 0.9419797658920288

Average loss for epoch 1: 3.883601117285953
Test accuracy after 1 epochs: 0.0727
Skip ratio: tensor([0.0000e+00, 0.0000e+00, 0.0000e+00, 4.4820e-01, 4.2581e+00, 3.9758e+01,
        1.1683e+02, 4.1976e+01, 1.8510e+00, 3.6330e-01, 4.0000e-04, 0.0000e+00]) and 17.123441696166992
Correct prediction ratio:
[[[0.0, 0.0], [0.0, 1.0]], [[0.0, 0.0], [0.0, 1.0]], [[0.0, 0.0], [0.0, 1.0]], [[0.00139999995008111, 0.04800000041723251], [0.0008999999845400453, 0.9496999979019165]], [[0.014700000174343586, 0.09719999879598618], [0.007000000216066837, 0.8809999823570251]], [[0.1356000006198883, 0.15150000154972076], [0.06729999929666519, 0.6456999778747559]], [[0.4706000089645386, 0.05979999899864197], [0.12549999356269836, 0.3441999852657318]], [[0.18129999935626984, 0.015799999237060547], [0.03290000185370445, 0.7700999975204468]], [[0.006099999882280827, 0.008700000122189522], [0.0034000000450760126, 0.9818999767303467]], [[0.001500000013038516, 0.0052999998442828655], [0.00039999998989515007, 0.9927999973297119]], [[0.0, 0.0], [0.0, 1.0]], [[0.0, 0.0], [0.0, 1.0]]]
and 0.9480277895927429

Average loss for epoch 2: 1.761591555206639
Test accuracy after 2 epochs: 0.0509
