Skip ratio: tensor([  0.0000,   0.0000,   0.0000,   0.1868,   3.0467,  32.0534, 124.0433,
        169.4679, 169.6666, 129.8741,  14.7509,  13.4981]) and 54.71565246582031
Correct prediction ratio:
[[[0.0, 0.0], [0.0, 1.0]], [[0.0, 0.0], [0.0, 1.0]], [[0.0, 0.0], [0.0, 1.0]], [[0.000699999975040555, 0.048700001090765], [0.0003000000142492354, 0.9502999782562256]], [[0.010700000450015068, 0.10180000215768814], [0.004900000058114529, 0.8826000094413757]], [[0.11129999905824661, 0.1712000072002411], [0.05220000073313713, 0.6653000116348267]], [[0.47870001196861267, 0.11599999666213989], [0.1542000025510788, 0.25110000371932983]], [[0.7221999764442444, 0.04619999974966049], [0.14239999651908875, 0.08919999748468399]], [[0.7192999720573425, 0.04430000111460686], [0.14630000293254852, 0.09000000357627869]], [[0.5063999891281128, 0.10750000178813934], [0.15629999339580536, 0.2298000007867813]], [[0.07509999722242355, 0.01590000092983246], [9.999999747378752e-05, 0.9089000225067139]], [[0.06689999997615814, 0.00139999995008111], [0.0019000000320374966, 0.9297000169754028]]]
and 0.8906989693641663
Average loss for epoch 1: 3.674284904625765
Test accuracy after 1 epochs: 0.6073
Skip ratio: tensor([  0.0000,   0.0000,   0.0000,   0.9683,   4.3091,  34.3970, 121.5683,
        167.9769, 165.7664, 125.1684,  15.0431,  13.6244]) and 54.0684928894043
Correct prediction ratio:
[[[0.0, 0.0], [0.0, 1.0]], [[0.0, 0.0], [0.0, 1.0]], [[0.0, 0.0], [0.0, 1.0]], [[0.003100000089034438, 0.046300001442432404], [0.0019000000320374966, 0.9487000107765198]], [[0.014999999664723873, 0.09629999846220016], [0.007000000216066837, 0.8817999958992004]], [[0.12039999663829803, 0.15710000693798065], [0.05510000139474869, 0.6674000024795532]], [[0.4772000014781952, 0.11089999973773956], [0.14300000667572021, 0.2689000070095062]], [[0.7250000238418579, 0.04650000110268593], [0.13199999928474426, 0.09650000184774399]], [[0.7117999792098999, 0.04879999905824661], [0.1340000033378601, 0.10540000349283218]], [[0.5065000057220459, 0.1128000020980835], [0.13210000097751617, 0.24860000610351562]], [[0.07620000094175339, 0.01730000041425228], [0.0006000000284984708, 0.906000018119812]], [[0.06790000200271606, 0.0013000000035390258], [0.0015999999595806003, 0.9291999936103821]]]
and 0.8962879180908203
Average loss for epoch 2: 2.7626684182768413
Test accuracy after 2 epochs: 0.6307
Skip ratio: tensor([  0.0000,   0.0000,   0.0000,   1.5499,   6.3806,  33.4675, 119.1451,
        164.1989, 162.0242, 123.3797,  15.3875,  13.6507]) and 53.26533889770508
Correct prediction ratio:
[[[0.0, 0.0], [0.0, 1.0]], [[0.0, 0.0], [0.0, 1.0]], [[0.0, 0.0], [0.0, 1.0]], [[0.004699999932199717, 0.044599998742341995], [0.0031999999191612005, 0.9473999738693237]], [[0.020899999886751175, 0.08990000188350677], [0.011699999682605267, 0.8776000142097473]], [[0.11890000104904175, 0.15369999408721924], [0.05180000141263008, 0.675599992275238]], [[0.4717000126838684, 0.11069999635219574], [0.13609999418258667, 0.28139999508857727]], [[0.715499997138977, 0.05119999870657921], [0.12219999730587006, 0.11100000143051147]], [[0.7059999704360962, 0.05620000138878822], [0.12060000002384186, 0.11720000207424164]], [[0.5120999813079834, 0.11800000071525574], [0.11739999800920486, 0.2524999976158142]], [[0.07750000059604645, 0.017100000753998756], [0.0010000000474974513, 0.9043999910354614]], [[0.06849999725818634, 0.0013000000035390258], [0.0012000000569969416, 0.9290000200271606]]]
and 0.8993431925773621
Average loss for epoch 3: 2.639335902633181
Test accuracy after 3 epochs: 0.6518
Skip ratio: tensor([  0.0000,   0.0000,   0.0000,   1.3865,   6.5528,  33.3294, 115.3215,
        166.0910, 166.1499, 129.6816,  15.4210,  13.5979]) and 53.960968017578125
Correct prediction ratio:
[[[0.0, 0.0], [0.0, 1.0]], [[0.0, 0.0], [0.0, 1.0]], [[0.0, 0.0], [0.0, 1.0]], [[0.0044999998062849045, 0.04490000009536743], [0.0026000000070780516, 0.9480000138282776]], [[0.02199999988079071, 0.08900000154972076], [0.01140000019222498, 0.8776000142097473]], [[0.12049999833106995, 0.15219999849796295], [0.04960000142455101, 0.6776999831199646]], [[0.4652000069618225, 0.11860000342130661], [0.12319999933242798, 0.2930000126361847]], [[0.7275000214576721, 0.04610000178217888], [0.11990000307559967, 0.10649999976158142]], [[0.718999981880188, 0.04360000044107437], [0.12870000302791595, 0.10869999974966049]], [[0.5282999873161316, 0.0949999988079071], [0.13330000638961792, 0.2433999925851822]], [[0.07779999822378159, 0.014800000004470348], [0.0008999999845400453, 0.906499981880188]], [[0.0681999996304512, 0.0012000000569969416], [0.0010999999940395355, 0.9294999837875366]]]
and 0.9019892811775208
Average loss for epoch 4: 2.5653665551714075
Test accuracy after 4 epochs: 0.6392
Skip ratio: tensor([  0.0000,   0.0000,   0.0000,   1.7814,   6.2434,  37.8660, 116.2092,
        159.3734, 164.6071, 128.4486,  15.4511,  13.6285]) and 53.63405990600586
Correct prediction ratio:
[[[0.0, 0.0], [0.0, 1.0]], [[0.0, 0.0], [0.0, 1.0]], [[0.0, 0.0], [0.0, 1.0]], [[0.00559999980032444, 0.043800000101327896], [0.0035000001080334187, 0.9470999836921692]], [[0.021700000390410423, 0.08900000154972076], [0.010200000368058681, 0.8791999816894531]], [[0.13379999995231628, 0.13860000669956207], [0.05939999967813492, 0.6682000160217285]], [[0.46799999475479126, 0.11259999871253967], [0.12489999830722809, 0.2944999933242798]], [[0.7077999711036682, 0.0608999989926815], [0.10530000180006027, 0.125900000333786]], [[0.7207000255584717, 0.0478999987244606], [0.11919999867677689, 0.11230000108480453]], [[0.5327000021934509, 0.10029999911785126], [0.12269999831914902, 0.2442999929189682]], [[0.07800000160932541, 0.015699999406933784], [0.0007999999797903001, 0.9053999781608582]], [[0.06870000064373016, 0.0013000000035390258], [0.0008999999845400453, 0.929099977016449]]]
and 0.9035903811454773
Average loss for epoch 5: 2.5113560728206754
Test accuracy after 5 epochs: 0.6487
Best accuracy: 0.6518
