Skip ratio: tensor([0.0000e+00, 0.0000e+00, 0.0000e+00, 1.1950e-01, 3.5004e+00, 3.0560e+01,
        1.2347e+02, 1.7039e+02, 1.7127e+02, 1.3001e+02, 1.4683e+01, 1.3038e+01]) and 54.75284957885742
Correct prediction ratio:
[[[0.0, 0.0], [0.0, 1.0]], [[0.0, 0.0], [0.0, 1.0]], [[0.0, 0.0], [0.0, 1.0]], [[0.00039999998989515007, 0.04899999871850014], [0.00019999999494757503, 0.9503999948501587]], [[0.012299999594688416, 0.1005999967455864], [0.00559999980032444, 0.881600022315979]], [[0.10649999976158142, 0.17520000040531158], [0.049400001764297485, 0.6689000129699707]], [[0.477400004863739, 0.11699999868869781], [0.1526000052690506, 0.2531000077724457]], [[0.7296000123023987, 0.044199999421834946], [0.13979999721050262, 0.08649999648332596]], [[0.7231000065803528, 0.04340000078082085], [0.15070000290870667, 0.0828000009059906]], [[0.5015000104904175, 0.11150000244379044], [0.16189999878406525, 0.22519999742507935]], [[0.0746999979019165, 0.016899999231100082], [0.00019999999494757503, 0.9082000255584717]], [[0.06459999829530716, 0.0017000000225380063], [0.0019000000320374966, 0.9318000078201294]]]
and 0.8898702263832092
Average loss for epoch 1: 3.7274192047726578
Test accuracy after 1 epochs: 0.5974
Skip ratio: tensor([  0.0000,   0.0000,   0.0000,   0.9916,   4.6297,  33.6710, 120.1708,
        168.2991, 166.5069, 130.9416,  14.9372,  13.4256]) and 54.46445846557617
Correct prediction ratio:
[[[0.0, 0.0], [0.0, 1.0]], [[0.0, 0.0], [0.0, 1.0]], [[0.0, 0.0], [0.0, 1.0]], [[0.003100000089034438, 0.046300001442432404], [0.0020000000949949026, 0.9485999941825867]], [[0.016200000420212746, 0.0949999988079071], [0.007400000002235174, 0.8813999891281128]], [[0.11789999902248383, 0.15870000422000885], [0.05389999970793724, 0.6694999933242798]], [[0.47279998660087585, 0.11460000276565552], [0.14030000567436218, 0.27219998836517334]], [[0.7287999987602234, 0.045499999076128006], [0.1298000067472458, 0.0957999974489212]], [[0.7139000296592712, 0.049400001764297485], [0.13570000231266022, 0.10109999775886536]], [[0.5188999772071838, 0.10189999639987946], [0.14910000562667847, 0.23010000586509705]], [[0.07580000162124634, 0.01640000008046627], [0.00039999998989515007, 0.9074000120162964]], [[0.06679999828338623, 0.001500000013038516], [0.0017000000225380063, 0.9300000071525574]]]
and 0.8958588242530823
Average loss for epoch 2: 2.7765128126569616
Test accuracy after 2 epochs: 0.6217
Skip ratio: tensor([  0.0000,   0.0000,   0.0000,   1.6775,   6.7295,  32.1657, 118.8783,
        162.7322, 163.3186, 122.9667,  15.3685,  13.4970]) and 53.11116409301758
Correct prediction ratio:
[[[0.0, 0.0], [0.0, 1.0]], [[0.0, 0.0], [0.0, 1.0]], [[0.0, 0.0], [0.0, 1.0]], [[0.005100000184029341, 0.04430000111460686], [0.0035000001080334187, 0.9470999836921692]], [[0.022199999541044235, 0.0885000005364418], [0.012199999764561653, 0.8772000074386597]], [[0.11460000276565552, 0.15690000355243683], [0.0494999997317791, 0.6790000200271606]], [[0.4699999988079071, 0.11240000277757645], [0.13650000095367432, 0.28110000491142273]], [[0.7132999897003174, 0.05480000004172325], [0.11699999868869781, 0.11490000039339066]], [[0.7098000049591064, 0.055399999022483826], [0.1234000027179718, 0.11129999905824661]], [[0.5087000131607056, 0.12240000069141388], [0.11860000342130661, 0.2502000033855438]], [[0.07739999890327454, 0.01759999990463257], [0.0010000000474974513, 0.9039999842643738]], [[0.06769999861717224, 0.001500000013038516], [0.0012000000569969416, 0.9296000003814697]]]
and 0.8985998034477234
Average loss for epoch 3: 2.6513401900127436
Test accuracy after 3 epochs: 0.6463
Skip ratio: tensor([  0.0000,   0.0000,   0.0000,   1.4464,   7.3684,  32.5318, 114.9340,
        165.6769, 166.0366, 131.4356,  15.3274,  13.4737]) and 54.019229888916016
Correct prediction ratio:
[[[0.0, 0.0], [0.0, 1.0]], [[0.0, 0.0], [0.0, 1.0]], [[0.0, 0.0], [0.0, 1.0]], [[0.004699999932199717, 0.04470000043511391], [0.0027000000700354576, 0.9478999972343445]], [[0.02459999918937683, 0.08649999648332596], [0.013000000268220901, 0.8758999705314636]], [[0.11749999970197678, 0.15379999577999115], [0.04839999973773956, 0.6801999807357788]], [[0.461899995803833, 0.12070000171661377], [0.12439999729394913, 0.2928999960422516]], [[0.7264000177383423, 0.0471000000834465], [0.11890000104904175, 0.10760000348091125]], [[0.7164000272750854, 0.04639999940991402], [0.1307000070810318, 0.10649999976158142]], [[0.5306000113487244, 0.09359999746084213], [0.14000000059604645, 0.23579999804496765]], [[0.07729999721050262, 0.014499999582767487], [0.0008999999845400453, 0.9072999954223633]], [[0.06759999692440033, 0.0012000000569969416], [0.0010999999940395355, 0.9300000071525574]]]
and 0.9009396433830261
Average loss for epoch 4: 2.5834427745478927
Test accuracy after 4 epochs: 0.6424
Skip ratio: tensor([  0.0000,   0.0000,   0.0000,   1.8543,   6.6851,  37.1275, 114.4806,
        159.7485, 162.6716, 132.5821,  15.3486,  13.5316]) and 53.669158935546875
Correct prediction ratio:
[[[0.0, 0.0], [0.0, 1.0]], [[0.0, 0.0], [0.0, 1.0]], [[0.0, 0.0], [0.0, 1.0]], [[0.005799999926239252, 0.04349999874830246], [0.003599999938160181, 0.9470000267028809]], [[0.02329999953508377, 0.08739999681711197], [0.01080000028014183, 0.8784999847412109]], [[0.13109999895095825, 0.14020000398159027], [0.058400001376867294, 0.6704000234603882]], [[0.46129998564720154, 0.11840000003576279], [0.12280000001192093, 0.29750001430511475]], [[0.7110000252723694, 0.0608999989926815], [0.10409999638795853, 0.12399999797344208]], [[0.7124999761581421, 0.05570000037550926], [0.11739999800920486, 0.11429999768733978]], [[0.5428000092506409, 0.09319999814033508], [0.13369999825954437, 0.2303999960422516]], [[0.07760000228881836, 0.014999999664723873], [0.000699999975040555, 0.9067000150680542]], [[0.06800000369548798, 0.00139999995008111], [0.0010000000474974513, 0.9294999837875366]]]
and 0.9026378989219666
Average loss for epoch 5: 2.534564662131534
Test accuracy after 5 epochs: 0.6504
Best accuracy: 0.6504
Skip ratio: tensor([  0.0000,   0.0000,   0.0000,   4.3041,   7.1581,  34.1344, 104.5597,
        146.3122, 146.6209, 126.9055,  18.5229,  16.4682]) and 50.41550064086914
Correct prediction ratio:
[[[0.0, 0.0], [0.0, 1.0]], [[0.0, 0.0], [0.0, 1.0]], [[0.0, 0.0], [0.0, 1.0]], [[0.008700000122189522, 0.0210999995470047], [0.013299999758601189, 0.9569000005722046]], [[0.01140000019222498, 0.02290000021457672], [0.025100000202655792, 0.9405999779701233]], [[0.06620000302791595, 0.0414000004529953], [0.1080000028014183, 0.784500002861023]], [[0.28929999470710754, 0.04569999873638153], [0.24420000612735748, 0.42089998722076416]], [[0.4936999976634979, 0.03310000151395798], [0.25279998779296875, 0.22040000557899475]], [[0.3801000118255615, 0.023099999874830246], [0.36800000071525574, 0.2287999987602234]], [[0.20900000631809235, 0.009100000374019146], [0.438400000333786, 0.3434999883174896]], [[0.08110000193119049, 0.0034000000450760126], [0.013399999588727951, 0.9021000266075134]], [[0.07729999721050262, 0.009999999776482582], [0.0066999997943639755, 0.906000018119812]]]
and 0.8600269556045532
Average loss for epoch 1: 0.2051224669880548
Test accuracy after 1 epochs: 0.8376
Skip ratio: tensor([  0.0000,   0.0000,   0.0000,   3.7602,   8.8841,  34.0028, 105.9059,
        146.8791, 147.2472, 127.2580,  23.8305,  22.2189]) and 51.665557861328125
Correct prediction ratio:
[[[0.0, 0.0], [0.0, 1.0]], [[0.0, 0.0], [0.0, 1.0]], [[0.0, 0.0], [0.0, 1.0]], [[0.006300000008195639, 0.016200000420212746], [0.012900000438094139, 0.9646000266075134]], [[0.01360000018030405, 0.024399999529123306], [0.03180000185966492, 0.9301999807357788]], [[0.06199999898672104, 0.03400000184774399], [0.11150000244379044, 0.7925999760627747]], [[0.311599999666214, 0.05420000106096268], [0.2287999987602234, 0.40549999475479126]], [[0.5019999742507935, 0.034699998795986176], [0.24740000069141388, 0.2159000039100647]], [[0.4027999937534332, 0.02319999970495701], [0.3483999967575073, 0.22550000250339508]], [[0.23270000517368317, 0.008899999782443047], [0.41659998893737793, 0.3418000042438507]], [[0.10689999908208847, 0.0038999998942017555], [0.014700000174343586, 0.8744999766349792]], [[0.10339999943971634, 0.010900000110268593], [0.00989999994635582, 0.8758000135421753]]]
and 0.8639687895774841
Average loss for epoch 2: 0.039997135250455444
Test accuracy after 2 epochs: 0.8459
Skip ratio: tensor([  0.0000,   0.0000,   0.0000,   3.7841,   7.7881,  38.5493, 110.1522,
        150.7837, 146.1349, 132.8390,  29.2979,  27.0821]) and 53.867610931396484
Correct prediction ratio:
[[[0.0, 0.0], [0.0, 1.0]], [[0.0, 0.0], [0.0, 1.0]], [[0.0, 0.0], [0.0, 1.0]], [[0.006000000052154064, 0.014399999752640724], [0.013399999588727951, 0.9663000106811523]], [[0.011099999770522118, 0.019099999219179153], [0.028599999845027924, 0.941100001335144]], [[0.07850000262260437, 0.0430000014603138], [0.11819999665021896, 0.7602999806404114]], [[0.3564999997615814, 0.07109999656677246], [0.20559999346733093, 0.3668999969959259]], [[0.5361999869346619, 0.03519999980926514], [0.23309999704360962, 0.19550000131130219]], [[0.42890000343322754, 0.025599999353289604], [0.3165999948978424, 0.2287999987602234]], [[0.271699994802475, 0.008299999870359898], [0.40610000491142273, 0.3138999938964844]], [[0.13130000233650208, 0.003800000064074993], [0.018200000748038292, 0.8468000292778015]], [[0.12690000236034393, 0.011800000444054604], [0.011300000362098217, 0.8500000238418579]]]
and 0.8680557012557983
Average loss for epoch 3: 0.020488594238984453
Test accuracy after 3 epochs: 0.8424
Skip ratio: tensor([  0.0000,   0.0000,   0.0000,   4.3480,   8.1442,  33.0776, 108.4996,
        148.7233, 143.3254, 128.0593,  34.6625,  31.4945]) and 53.361202239990234
Correct prediction ratio:
[[[0.0, 0.0], [0.0, 1.0]], [[0.0, 0.0], [0.0, 1.0]], [[0.0, 0.0], [0.0, 1.0]], [[0.006000000052154064, 0.010999999940395355], [0.016100000590085983, 0.9667999744415283]], [[0.007799999788403511, 0.011500000022351742], [0.033799998462200165, 0.9470000267028809]], [[0.07079999893903732, 0.048900000751018524], [0.09790000319480896, 0.7822999954223633]], [[0.3504999876022339, 0.0722000002861023], [0.20309999585151672, 0.3741999864578247]], [[0.5467000007629395, 0.04039999842643738], [0.21209999918937683, 0.20080000162124634]], [[0.43779999017715454, 0.029100000858306885], [0.29350000619888306, 0.23970000445842743]], [[0.28209999203681946, 0.009100000374019146], [0.37130001187324524, 0.3375000059604645]], [[0.1582999974489212, 0.006599999964237213], [0.01860000006854534, 0.8166000247001648]], [[0.14880000054836273, 0.0142000000923872], [0.011900000274181366, 0.8252000212669373]]]
and 0.8748955726623535
Average loss for epoch 4: 0.009617598166772325
Test accuracy after 4 epochs: 0.8458
Skip ratio: tensor([  0.0000,   0.0000,   0.0000,   4.4892,   8.0383,  24.3863, 101.9789,
        150.2600, 146.7873, 131.4343,  39.7106,  35.5753]) and 53.55501937866211
Correct prediction ratio:
[[[0.0, 0.0], [0.0, 1.0]], [[0.0, 0.0], [0.0, 1.0]], [[0.0, 0.0], [0.0, 1.0]], [[0.006500000134110451, 0.012000000104308128], [0.01640000008046627, 0.9650999903678894]], [[0.006599999964237213, 0.009800000116229057], [0.03440000116825104, 0.9491999745368958]], [[0.0551999993622303, 0.05260000005364418], [0.06920000165700912, 0.8230000138282776]], [[0.3433000147342682, 0.08259999752044678], [0.1770000010728836, 0.3971000015735626]], [[0.5684999823570251, 0.041999999433755875], [0.1981000006198883, 0.19140000641345978]], [[0.47029998898506165, 0.02710000053048134], [0.27869999408721924, 0.2240000069141388]], [[0.3077000081539154, 0.00839999970048666], [0.3628000020980835, 0.32100000977516174]], [[0.18230000138282776, 0.006800000090152025], [0.0203000009059906, 0.7906000018119812]], [[0.16699999570846558, 0.014499999582767487], [0.014499999582767487, 0.8040000200271606]]]
and 0.881050705909729
Average loss for epoch 5: 0.004117427836468882
Test accuracy after 5 epochs: 0.852
Best accuracy: 0.852
