Skip ratio: tensor([  0.0000, 106.2960,  89.6470,   0.0000,   0.0000,  82.5240, 113.4760,
          0.1580,  74.1210, 116.1190,   5.0160,   0.7270]) and 49.00699996948242
Correct prediction ratio:
[[[0.0, 0.015799999237060547], [0.0, 0.9842000007629395]], [[0.37049999833106995, 0.13729999959468842], [0.17180000245571136, 0.3203999996185303]], [[0.4230000078678131, 0.0], [0.03440000116825104, 0.5425999760627747]], [[0.0, 0.0], [0.0, 1.0]], [[0.0, 0.0], [0.0, 1.0]], [[0.3695000112056732, 0.042899999767541885], [0.051600001752376556, 0.5360999703407288]], [[0.5504000186920166, 0.00019999999494757503], [0.028599999845027924, 0.42080000042915344]], [[0.0007999999797903001, 0.05889999866485596], [0.0, 0.9401999711990356]], [[0.3571000099182129, 0.0502999983727932], [0.0210999995470047, 0.5715000033378601]], [[0.5666000247001648, 0.012400000356137753], [0.02590000070631504, 0.3952000141143799]], [[0.01850000023841858, 0.010599999688565731], [0.0071000000461936, 0.9638000130653381]], [[0.003700000001117587, 0.01679999940097332], [0.0, 0.9794999957084656]]]
and 0.9428677558898926

Average loss for epoch 1: 2.8724161409268714
Test accuracy after 1 epochs: 0.017
Skip ratio: tensor([0.0000e+00, 1.0752e+02, 8.8058e+01, 2.0000e-03, 4.0000e-03, 7.9399e+01,
        1.1659e+02, 3.9250e+00, 7.6258e+01, 1.0850e+02, 3.7090e+00, 2.3300e-01]) and 48.68400192260742
Correct prediction ratio:
[[[0.0, 0.015799999237060547], [0.0, 0.9842000007629395]], [[0.3874000012874603, 0.12030000239610672], [0.16120000183582306, 0.3310999870300293]], [[0.41690000891685486, 0.0003000000142492354], [0.03240000084042549, 0.5504999756813049]], [[0.0, 0.00039999998989515007], [0.0, 0.9995999932289124]], [[0.0, 0.0005000000237487257], [0.0, 0.9994999766349792]], [[0.366100013256073, 0.0608999989926815], [0.039000000804662704, 0.5339999794960022]], [[0.5619000196456909, 0.0006000000284984708], [0.032999999821186066, 0.40459999442100525]], [[0.019899999722838402, 0.05040000006556511], [9.999999747378752e-05, 0.9296000003814697]], [[0.36880001425743103, 0.03099999949336052], [0.0203000009059906, 0.5799999833106995]], [[0.5216000080108643, 0.009999999776482582], [0.03189999982714653, 0.43639999628067017]], [[0.01549999974668026, 0.022099999710917473], [0.0034000000450760126, 0.9589999914169312]], [[0.0010999999940395355, 0.025699999183416367], [0.0, 0.9731000065803528]]]
and 0.9450693130493164

Average loss for epoch 2: 2.0799873482649494
Test accuracy after 2 epochs: 0.008
Skip ratio: tensor([  0.0000, 100.4030,  94.5930,   0.1220,   0.2310,  74.2580, 121.1550,
          9.8740,  75.9560, 100.6850,   1.6220,   0.3880]) and 48.2739143371582
Correct prediction ratio:
[[[0.0, 0.015799999237060547], [0.0, 0.9842000007629395]], [[0.37619999051094055, 0.1315000057220459], [0.13600000739097595, 0.3562000095844269]], [[0.45100000500679016, 0.0007999999797903001], [0.031599998474121094, 0.5166000127792358]], [[0.0006000000284984708, 0.0008999999845400453], [0.0, 0.9983999729156494]], [[0.0008999999845400453, 0.0006000000284984708], [0.0003000000142492354, 0.9983000159263611]], [[0.314300000667572, 0.04540000110864639], [0.06449999660253525, 0.5756999850273132]], [[0.5956000089645386, 0.0007999999797903001], [0.02250000089406967, 0.38100001215934753]], [[0.049800001084804535, 0.04259999841451645], [0.0006000000284984708, 0.9071000218391418]], [[0.35850000381469727, 0.026499999687075615], [0.028999999165534973, 0.5860000252723694]], [[0.47999998927116394, 0.01640000008046627], [0.03370000049471855, 0.4699000120162964]], [[0.007300000172108412, 0.023499999195337296], [0.0010000000474974513, 0.9682000279426575]], [[0.0020000000949949026, 0.015699999406933784], [0.0, 0.9822999835014343]]]
and 0.9466904997825623

Average loss for epoch 3: 1.9708422536303283
Test accuracy after 3 epochs: 0.007
Skip ratio: tensor([5.7000e-02, 9.9991e+01, 9.4645e+01, 4.2500e-01, 2.6700e-01, 6.9563e+01,
        1.2461e+02, 1.4444e+01, 6.4091e+01, 1.0345e+02, 6.7640e+00, 0.0000e+00]) and 48.19266891479492
Correct prediction ratio:
[[[0.00019999999494757503, 0.015599999576807022], [9.999999747378752e-05, 0.9840999841690063]], [[0.37929999828338623, 0.1282999962568283], [0.13079999387264252, 0.36149999499320984]], [[0.45239999890327454, 0.0013000000035390258], [0.030500000342726707, 0.5157999992370605]], [[0.002099999925121665, 0.0006000000284984708], [9.999999747378752e-05, 0.9972000122070312]], [[0.0010999999940395355, 0.00039999998989515007], [0.0003000000142492354, 0.9983000159263611]], [[0.31779998540878296, 0.04830000177025795], [0.03709999844431877, 0.5968000292778015]], [[0.6122999787330627, 0.0017999999690800905], [0.023399999365210533, 0.36250001192092896]], [[0.0706000030040741, 0.018400000408291817], [0.003000000026077032, 0.9078999757766724]], [[0.3043999969959259, 0.030899999663233757], [0.022600000724196434, 0.6420999765396118]], [[0.4968000054359436, 0.010900000110268593], [0.03099999949336052, 0.46129998564720154]], [[0.03020000085234642, 0.016599999740719795], [0.00430000014603138, 0.9488999843597412]], [[0.0, 0.01679999940097332], [0.0, 0.9832000136375427]]]
and 0.9522406458854675

Average loss for epoch 4: 1.9223503254021808
Test accuracy after 4 epochs: 0.013
Skip ratio: tensor([  0.1190, 101.8330,  92.4100,   0.5370,   0.3700,  77.3230, 117.0840,
         15.5030,  72.2210,  93.2440,   8.7140,   1.3030]) and 48.3884162902832
Correct prediction ratio:
[[[0.00039999998989515007, 0.01549999974668026], [0.0003000000142492354, 0.9839000105857849]], [[0.3873000144958496, 0.12030000239610672], [0.13230000436306, 0.3601999878883362]], [[0.4424000084400177, 0.0019000000320374966], [0.029100000858306885, 0.5266000032424927]], [[0.0026000000070780516, 0.0007999999797903001], [0.00019999999494757503, 0.9965000152587891]], [[0.0015999999595806003, 0.0005000000237487257], [0.0003000000142492354, 0.9976000189781189]], [[0.35040000081062317, 0.039900001138448715], [0.04410000145435333, 0.5655999779701233]], [[0.5789999961853027, 0.0017000000225380063], [0.018300000578165054, 0.4009000062942505]], [[0.07590000331401825, 0.023800000548362732], [0.0031999999191612005, 0.8970999717712402]], [[0.3450999855995178, 0.030400000512599945], [0.023399999365210533, 0.6011000275611877]], [[0.45410001277923584, 0.016599999740719795], [0.021700000390410423, 0.5077000260353088]], [[0.03709999844431877, 0.012000000104308128], [0.007300000172108412, 0.9434999823570251]], [[0.005900000222027302, 0.005100000184029341], [0.0007999999797903001, 0.9883000254631042]]]
and 0.9542219638824463

Average loss for epoch 5: 1.8958007492077578
Test accuracy after 5 epochs: 0.015
Best accuracy: 0.017
