Skip ratio: tensor([0.0000e+00, 0.0000e+00, 0.0000e+00, 5.9000e-02, 2.4310e+00, 2.6964e+01,
        1.2988e+02, 1.6904e+02, 1.7828e+02, 1.2618e+02, 1.4732e+01, 1.3258e+01]) and 55.06850051879883
Correct prediction ratio:
[[[0.0, 0.0], [0.0, 1.0]], [[0.0, 0.0], [0.0, 1.0]], [[0.0, 0.0], [0.0, 1.0]], [[0.00019999999494757503, 0.04830000177025795], [9.999999747378752e-05, 0.9513999819755554]], [[0.008500000461935997, 0.10260000079870224], [0.0038999998942017555, 0.8849999904632568]], [[0.08669999986886978, 0.19419999420642853], [0.05079999938607216, 0.6682000160217285]], [[0.487199991941452, 0.10809999704360962], [0.1754000037908554, 0.22930000722408295]], [[0.7202000021934509, 0.04699999839067459], [0.14219999313354492, 0.09049999713897705]], [[0.7354000210762024, 0.028300000354647636], [0.17419999837875366, 0.06210000067949295]], [[0.483599990606308, 0.11060000211000443], [0.16019999980926514, 0.24570000171661377]], [[0.07460000365972519, 0.018300000578165054], [0.0006000000284984708, 0.9065999984741211]], [[0.06369999796152115, 0.002099999925121665], [0.0038999998942017555, 0.9302999973297119]]]
and 0.8857742547988892
Average loss for epoch 1: 4.210438131526777
Test accuracy after 1 epochs: 0.569
Skip ratio: tensor([  0.0000,   0.0000,   0.0000,   0.5140,   4.3090,  31.1760, 122.1620,
        166.2120, 171.0250, 132.8840,  14.7730,  13.7070]) and 54.730167388916016
Correct prediction ratio:
[[[0.0, 0.0], [0.0, 1.0]], [[0.0, 0.0], [0.0, 1.0]], [[0.0, 0.0], [0.0, 1.0]], [[0.0017000000225380063, 0.046799998730421066], [0.0008999999845400453, 0.9506000280380249]], [[0.0142000000923872, 0.09610000252723694], [0.007799999788403511, 0.8819000124931335]], [[0.1046999990940094, 0.17159999907016754], [0.05429999902844429, 0.6693999767303467]], [[0.47110000252723694, 0.11330000311136246], [0.15219999849796295, 0.26350000500679016]], [[0.7211999893188477, 0.049800001084804535], [0.12680000066757202, 0.10209999978542328]], [[0.7226999998092651, 0.039400000125169754], [0.14980000257492065, 0.08810000121593475]], [[0.522599995136261, 0.0917000025510788], [0.15539999306201935, 0.23029999434947968]], [[0.07509999722242355, 0.016499999910593033], [0.00019999999494757503, 0.9081000089645386]], [[0.06669999659061432, 0.0008999999845400453], [0.0032999999821186066, 0.9291999936103821]]]
and 0.893600344657898
Average loss for epoch 2: 2.9299606715038324
Test accuracy after 2 epochs: 0.623
Skip ratio: tensor([  0.0000,   0.0000,   0.0000,   0.8830,   4.8760,  33.5470, 120.2090,
        166.0390, 168.6100, 128.4020,  15.0470,  13.5530]) and 54.26383590698242
Correct prediction ratio:
[[[0.0, 0.0], [0.0, 1.0]], [[0.0, 0.0], [0.0, 1.0]], [[0.0, 0.0], [0.0, 1.0]], [[0.0027000000700354576, 0.04580000042915344], [0.0017999999690800905, 0.9496999979019165]], [[0.016300000250339508, 0.0934000015258789], [0.00860000029206276, 0.8816999793052673]], [[0.1136000007390976, 0.16089999675750732], [0.0575999990105629, 0.667900025844574]], [[0.46790000796318054, 0.1128000020980835], [0.1454000025987625, 0.27390000224113464]], [[0.7215999960899353, 0.04859999939799309], [0.12559999525547028, 0.10429999977350235]], [[0.7174000144004822, 0.041099999099969864], [0.1429000049829483, 0.09860000014305115]], [[0.517300009727478, 0.10019999742507935], [0.13779999315738678, 0.24469999969005585]], [[0.07620000094175339, 0.01730000041425228], [0.0005000000237487257, 0.906000018119812]], [[0.06669999659061432, 0.0012000000569969416], [0.002400000113993883, 0.9296000003814697]]]
and 0.8963448405265808
Average loss for epoch 3: 2.7429519094479313
Test accuracy after 3 epochs: 0.612
Skip ratio: tensor([  0.0000,   0.0000,   0.0000,   1.1220,   5.1630,  33.1970, 118.8100,
        163.0440, 165.9360, 129.3960,  15.1480,  13.7990]) and 53.80125045776367
Correct prediction ratio:
[[[0.0, 0.0], [0.0, 1.0]], [[0.0, 0.0], [0.0, 1.0]], [[0.0, 0.0], [0.0, 1.0]], [[0.0035000001080334187, 0.04500000178813934], [0.002199999988079071, 0.9492999911308289]], [[0.01759999990463257, 0.09179999679327011], [0.008700000122189522, 0.8819000124931335]], [[0.1143999993801117, 0.15870000422000885], [0.054999999701976776, 0.6718999743461609]], [[0.46630001068115234, 0.11389999836683273], [0.13989999890327454, 0.2799000144004822]], [[0.7156999707221985, 0.05530000105500221], [0.11620000004768372, 0.1128000020980835]], [[0.7132999897003174, 0.045499999076128006], [0.13330000638961792, 0.10790000110864639]], [[0.5284000039100647, 0.09839999675750732], [0.13179999589920044, 0.24140000343322754]], [[0.07660000026226044, 0.016899999231100082], [0.000699999975040555, 0.9057999849319458]], [[0.06750000268220901, 0.0010999999940395355], [0.002899999963119626, 0.9284999966621399]]]
and 0.8985433578491211
Average loss for epoch 4: 2.6620083948609174
Test accuracy after 4 epochs: 0.626
Skip ratio: tensor([  0.0000,   0.0000,   0.0000,   1.1700,   5.4700,  35.0120, 118.4200,
        165.3650, 162.9380, 133.9810,  15.3450,  13.5690]) and 54.27250289916992
Correct prediction ratio:
[[[0.0, 0.0], [0.0, 1.0]], [[0.0, 0.0], [0.0, 1.0]], [[0.0, 0.0], [0.0, 1.0]], [[0.003800000064074993, 0.04470000043511391], [0.002199999988079071, 0.9492999911308289]], [[0.018799999728798866, 0.09070000052452087], [0.009100000374019146, 0.8813999891281128]], [[0.12060000002384186, 0.15160000324249268], [0.05810000002384186, 0.6697999835014343]], [[0.4666000008583069, 0.11150000244379044], [0.13750000298023224, 0.2842999994754791]], [[0.7210000157356262, 0.04749999940395355], [0.12269999831914902, 0.1088000014424324]], [[0.7052000164985657, 0.05119999870657921], [0.12620000541210175, 0.11749999970197678]], [[0.5435000061988831, 0.08470000326633453], [0.14010000228881836, 0.23180000483989716]], [[0.0771000012755394, 0.014600000344216824], [0.0012000000569969416, 0.9071000218391418]], [[0.0674000009894371, 0.0013000000035390258], [0.0019000000320374966, 0.9294999837875366]]]
and 0.9002691507339478
Average loss for epoch 5: 2.6075025804483207
Test accuracy after 5 epochs: 0.627
Best accuracy: 0.627
Skip ratio: tensor([  0.0000,   0.0000,   0.0000,   2.1660,   6.2470,  36.9050, 106.2830,
        150.6260, 158.4210, 140.6980,  16.7720,  13.8080]) and 52.66050338745117
Correct prediction ratio:
[[[0.0, 0.0], [0.0, 1.0]], [[0.0, 0.0], [0.0, 1.0]], [[0.0, 0.0], [0.0, 1.0]], [[0.0038999998942017555, 0.01940000057220459], [0.007199999876320362, 0.9695000052452087]], [[0.00839999970048666, 0.021199999377131462], [0.023399999365210533, 0.9469000101089478]], [[0.06390000134706497, 0.04479999840259552], [0.12439999729394913, 0.7669000029563904]], [[0.29280000925064087, 0.05620000138878822], [0.24940000474452972, 0.4016000032424927]], [[0.48019999265670776, 0.028200000524520874], [0.2881999909877777, 0.20329999923706055]], [[0.35370001196861267, 0.00989999994635582], [0.4546000063419342, 0.1817999929189682]], [[0.18119999766349792, 0.0032999999821186066], [0.5367000102996826, 0.27880001068115234]], [[0.07419999688863754, 0.002400000113993883], [0.011300000362098217, 0.9120000004768372]], [[0.06210000067949295, 0.014600000344216824], [0.00839999970048666, 0.914900004863739]]]
and 0.8413520455360413
Average loss for epoch 1: 0.21754290623839495
Test accuracy after 1 epochs: 0.833
Skip ratio: tensor([  0.0000,   0.0000,   0.0000,   1.9650,   6.0610,  38.0010, 100.7810,
        152.4000, 156.5590, 141.0780,  19.2280,  15.8860]) and 52.66324996948242
Correct prediction ratio:
[[[0.0, 0.0], [0.0, 1.0]], [[0.0, 0.0], [0.0, 1.0]], [[0.0, 9.999999747378752e-05], [0.0, 0.9998999834060669]], [[0.004100000020116568, 0.021800000220537186], [0.005900000222027302, 0.9681000113487244]], [[0.005400000140070915, 0.01209999993443489], [0.025499999523162842, 0.9569000005722046]], [[0.06639999896287918, 0.0430000014603138], [0.1274999976158142, 0.7631000280380249]], [[0.2529999911785126, 0.049800001084804535], [0.2612000107765198, 0.4361000061035156]], [[0.46540001034736633, 0.024000000208616257], [0.31220000982284546, 0.19840000569820404]], [[0.35510000586509705, 0.010700000450015068], [0.44359999895095825, 0.19050000607967377]], [[0.22280000150203705, 0.004999999888241291], [0.4970000088214874, 0.2752000093460083]], [[0.0869000032544136, 0.00279999990016222], [0.01119999960064888, 0.8991000056266785]], [[0.07180000096559525, 0.013500000350177288], [0.009200000204145908, 0.9053999781608582]]]
and 0.8436437249183655
Average loss for epoch 2: 0.03995080458617229
Test accuracy after 2 epochs: 0.846
Skip ratio: tensor([  0.0000,   0.0000,   0.0000,   1.9660,   6.4190,  39.2710, 102.3380,
        149.4350, 158.1330, 141.5510,  21.1740,  17.7820]) and 53.17241287231445
Correct prediction ratio:
[[[0.0, 0.0], [0.0, 1.0]], [[0.0, 0.0], [0.0, 1.0]], [[0.0, 0.0], [0.0, 1.0]], [[0.0035000001080334187, 0.016899999231100082], [0.006500000134110451, 0.9729999899864197]], [[0.0071000000461936, 0.015599999576807022], [0.025599999353289604, 0.9516000151634216]], [[0.061000000685453415, 0.034699998795986176], [0.13930000364780426, 0.7649000287055969]], [[0.2630999982357025, 0.053199999034404755], [0.2590999901294708, 0.424699991941452]], [[0.4693000018596649, 0.028599999845027924], [0.2930999994277954, 0.20890000462532043]], [[0.3752000033855438, 0.011599999852478504], [0.43160000443458557, 0.18160000443458557]], [[0.22120000422000885, 0.00430000014603138], [0.5009999871253967, 0.273499995470047]], [[0.09549999982118607, 0.00279999990016222], [0.012500000186264515, 0.88919997215271]], [[0.07989999651908875, 0.015300000086426735], [0.01080000028014183, 0.8939999938011169]]]
and 0.8447763323783875
Average loss for epoch 3: 0.01807744955127928
Test accuracy after 3 epochs: 0.839
Skip ratio: tensor([  0.0000,   0.0000,   0.0000,   2.3490,   6.1030,  36.4050,  99.9630,
        149.9110, 157.4580, 143.9430,  24.2890,  19.4010]) and 53.31850051879883
Correct prediction ratio:
[[[0.0, 0.0], [0.0, 1.0]], [[0.0, 0.0], [0.0, 1.0]], [[0.0, 0.0], [0.0, 1.0]], [[0.003599999938160181, 0.016100000590085983], [0.008299999870359898, 0.9718999862670898]], [[0.007000000216066837, 0.01720000058412552], [0.02419999986886978, 0.9516000151634216]], [[0.05469999834895134, 0.028599999845027924], [0.13099999725818634, 0.7857000231742859]], [[0.2526000142097473, 0.04830000177025795], [0.2574000060558319, 0.4415999948978424]], [[0.4884999990463257, 0.03370000049471855], [0.27630001306533813, 0.20149999856948853]], [[0.4000000059604645, 0.01360000018030405], [0.4034000039100647, 0.18299999833106995]], [[0.22830000519752502, 0.0034000000450760126], [0.5060999989509583, 0.2621999979019165]], [[0.10859999805688858, 0.004100000020116568], [0.015300000086426735, 0.871999979019165]], [[0.08839999884366989, 0.01640000008046627], [0.010599999688565731, 0.8845999836921692]]]
and 0.8488337397575378
Average loss for epoch 4: 0.014897705405760723
Test accuracy after 4 epochs: 0.853
Skip ratio: tensor([  0.0000,   0.0000,   0.0000,   2.9380,   6.5230,  36.5060,  98.8130,
        153.3220, 158.9090, 145.0080,  23.7540,  19.3230]) and 53.757999420166016
Correct prediction ratio:
[[[0.0, 0.0], [0.0, 1.0]], [[0.0, 0.0], [0.0, 1.0]], [[0.0, 0.0], [0.0, 1.0]], [[0.003599999938160181, 0.011300000362098217], [0.01140000019222498, 0.9736999869346619]], [[0.007699999958276749, 0.020099999383091927], [0.025599999353289604, 0.9466000199317932]], [[0.049300000071525574, 0.024900000542402267], [0.13689999282360077, 0.7888000011444092]], [[0.2418999969959259, 0.04839999973773956], [0.2623000144958496, 0.44749999046325684]], [[0.5152999758720398, 0.03229999914765358], [0.2669000029563904, 0.18539999425411224]], [[0.3917999863624573, 0.011699999682605267], [0.4189999997615814, 0.17749999463558197]], [[0.22750000655651093, 0.00279999990016222], [0.5123000144958496, 0.2574000060558319]], [[0.10779999941587448, 0.004100000020116568], [0.013399999588727951, 0.8747000098228455]], [[0.08789999783039093, 0.015300000086426735], [0.010700000450015068, 0.8860999941825867]]]
and 0.8475539684295654
Average loss for epoch 5: 0.016174546156707367
Test accuracy after 5 epochs: 0.856
Best accuracy: 0.856
