Skip ratio: tensor([0.0000e+00, 1.0704e+02, 8.8903e+01, 0.0000e+00, 0.0000e+00, 1.7000e-02,
        1.6549e+02, 3.4580e+01, 1.1884e+01, 1.2734e+02, 1.1171e+01, 1.3140e+00]) and 45.64408493041992
Correct prediction ratio:
[[[0.0, 0.015799999237060547], [0.0, 0.9842000007629395]], [[0.3732999861240387, 0.13449999690055847], [0.1728000044822693, 0.31940001249313354]], [[0.4034999907016754, 9.999999747378752e-05], [0.05009999871253967, 0.5464000105857849]], [[0.0, 9.999999747378752e-05], [0.0, 0.9998999834060669]], [[0.0, 0.0], [0.0, 1.0]], [[9.999999747378752e-05, 0.0027000000700354576], [0.0, 0.9972000122070312]], [[0.7745000123977661, 0.01860000006854534], [0.0697999969124794, 0.1370999962091446]], [[0.16869999468326569, 0.014700000174343586], [0.007699999958276749, 0.8087999820709229]], [[0.04989999905228615, 0.014999999664723873], [0.01080000028014183, 0.9243999719619751]], [[0.6373000144958496, 0.017500000074505806], [0.012400000356137753, 0.3328000009059906]], [[0.04769999906420708, 0.03180000185966492], [0.00930000003427267, 0.9111999869346619]], [[0.004000000189989805, 0.013500000350177288], [0.0027000000700354576, 0.9797999858856201]]]
and 0.9500067830085754

Average loss for epoch 1: 32.14863773516029
Test accuracy after 1 epochs: 0.019
Skip ratio: tensor([0.0000e+00, 1.0254e+02, 9.2935e+01, 2.0000e-03, 0.0000e+00, 4.0400e-01,
        1.6322e+02, 4.1069e+01, 1.3476e+01, 1.2881e+02, 1.6090e+01, 5.3500e-01]) and 46.589752197265625
Correct prediction ratio:
[[[0.0, 0.015799999237060547], [0.0, 0.9842000007629395]], [[0.3763999938964844, 0.13130000233650208], [0.14669999480247498, 0.34549999237060547]], [[0.42649999260902405, 0.00039999998989515007], [0.04769999906420708, 0.5254999995231628]], [[0.0, 0.0008999999845400453], [0.0, 0.9991000294685364]], [[0.0, 0.0008999999845400453], [0.0, 0.9991000294685364]], [[0.00139999995008111, 0.004999999888241291], [0.0006000000284984708, 0.9929999709129333]], [[0.7843999862670898, 0.021299999207258224], [0.04839999973773956, 0.1459999978542328]], [[0.20170000195503235, 0.010900000110268593], [0.007899999618530273, 0.7795000076293945]], [[0.06469999998807907, 0.014600000344216824], [0.004100000020116568, 0.916700005531311]], [[0.6378999948501587, 0.016200000420212746], [0.019300000742077827, 0.32659998536109924]], [[0.06650000065565109, 0.037300001829862595], [0.015599999576807022, 0.8805999755859375]], [[0.0020000000949949026, 0.008799999952316284], [0.000699999975040555, 0.9884999990463257]]]
and 0.9538171887397766

Average loss for epoch 2: 19.493686791438208
Test accuracy after 2 epochs: 0.015
Skip ratio: tensor([4.0000e-03, 1.0461e+02, 9.0221e+01, 2.9700e-01, 1.5500e-01, 6.5800e-01,
        1.6436e+02, 3.8339e+01, 1.2390e+01, 1.2805e+02, 2.0939e+01, 1.0350e+00]) and 46.75450134277344
Correct prediction ratio:
[[[0.0, 0.015799999237060547], [0.0, 0.9842000007629395]], [[0.3880999982357025, 0.11959999799728394], [0.14560000598430634, 0.3465999960899353]], [[0.41519999504089355, 0.0010999999940395355], [0.045099999755620956, 0.5386000275611877]], [[0.00139999995008111, 0.0013000000035390258], [9.999999747378752e-05, 0.9970999956130981]], [[0.000699999975040555, 0.0010999999940395355], [9.999999747378752e-05, 0.9980999827384949]], [[0.0026000000070780516, 0.006599999964237213], [0.000699999975040555, 0.9900000095367432]], [[0.7922999858856201, 0.01810000091791153], [0.046300001442432404, 0.14329999685287476]], [[0.19040000438690186, 0.009600000455975533], [0.005200000014156103, 0.7947999835014343]], [[0.05790000036358833, 0.007499999832361937], [0.0052999998442828655, 0.9291999936103821]], [[0.6359999775886536, 0.016300000250339508], [0.017400000244379044, 0.3303000032901764]], [[0.08139999955892563, 0.014100000262260437], [0.025499999523162842, 0.8791000247001648]], [[0.0032999999821186066, 0.005400000140070915], [0.0019000000320374966, 0.9894000291824341]]]
and 0.9575140476226807

Average loss for epoch 3: 18.42038561584084
Test accuracy after 3 epochs: 0.015
Skip ratio: tensor([4.3000e-02, 1.0523e+02, 8.9015e+01, 7.5300e-01, 2.3900e-01, 7.4500e-01,
        1.6473e+02, 3.6695e+01, 8.3880e+00, 1.2616e+02, 1.6571e+01, 8.4300e-01]) and 45.78416442871094
Correct prediction ratio:
[[[9.999999747378752e-05, 0.015699999406933784], [9.999999747378752e-05, 0.9840999841690063]], [[0.39410001039505005, 0.1137000024318695], [0.1428000032901764, 0.34940001368522644]], [[0.4106000065803528, 0.0019000000320374966], [0.04360000044107437, 0.5439000129699707]], [[0.0034000000450760126, 0.0010999999940395355], [0.00039999998989515007, 0.9950000047683716]], [[0.0010000000474974513, 0.0007999999797903001], [0.00019999999494757503, 0.9980000257492065]], [[0.0032999999821186066, 0.009399999864399433], [0.0005000000237487257, 0.9868000149726868]], [[0.7971000075340271, 0.01860000006854534], [0.043299999088048935, 0.14100000262260437]], [[0.1817999929189682, 0.007600000128149986], [0.005400000140070915, 0.8051999807357788]], [[0.04129999876022339, 0.00989999994635582], [0.001500000013038516, 0.9473000168800354]], [[0.6326000094413757, 0.02160000056028366], [0.010999999940395355, 0.33469998836517334]], [[0.06610000133514404, 0.024900000542402267], [0.018400000408291817, 0.890500009059906]], [[0.00279999990016222, 0.010300000198185444], [0.001500000013038516, 0.9854000210762024]]]
and 0.9579834342002869

Average loss for epoch 4: 17.850559028090945
Test accuracy after 4 epochs: 0.014
Skip ratio: tensor([8.8000e-02, 9.9947e+01, 9.3761e+01, 1.0540e+00, 3.7800e-01, 7.9100e-01,
        1.6640e+02, 3.6445e+01, 9.5180e+00, 1.2800e+02, 1.6569e+01, 1.4200e+00]) and 46.197750091552734
Correct prediction ratio:
[[[0.0003000000142492354, 0.01549999974668026], [0.00019999999494757503, 0.984000027179718]], [[0.38359999656677246, 0.12409999966621399], [0.12639999389648438, 0.3659000098705292]], [[0.43639999628067017, 0.0027000000700354576], [0.041999999433755875, 0.5189999938011169]], [[0.004800000227987766, 0.0013000000035390258], [0.0006000000284984708, 0.9933000206947327]], [[0.0015999999595806003, 0.000699999975040555], [0.0003000000142492354, 0.9973000288009644]], [[0.003700000001117587, 0.009499999694526196], [0.00039999998989515007, 0.9864000082015991]], [[0.8044000267982483, 0.012799999676644802], [0.044599998742341995, 0.13819999992847443]], [[0.181099995970726, 0.007300000172108412], [0.004800000227987766, 0.8066999912261963]], [[0.04639999940991402, 0.007899999618530273], [0.002099999925121665, 0.9435999989509583]], [[0.6385999917984009, 0.025299999862909317], [0.014499999582767487, 0.3215999901294708]], [[0.06939999759197235, 0.024900000542402267], [0.01510000042617321, 0.890500009059906]], [[0.004399999976158142, 0.0020000000949949026], [0.002899999963119626, 0.9908000230789185]]]
and 0.9593371748924255

Average loss for epoch 5: 17.246661811877207
Test accuracy after 5 epochs: 0.014
Best accuracy: 0.019
